
	I.1.1.M Hüft­Endoprothese­Erstimplantation (nicht bei Frakturen), Mortalität // Première implantation d’endoprothèse de hanche (pas en cas de fracture), mortalité // Prima applicazione dell’endoprotesi dell’anca (non per fratture), mortalità
	BAG/OFSP/UFSP - CH-IQI Version V4.0 - Daten 2013 - 27. Juli 2015

	Jahr	AltEGrp	Sex	DeathCH	CasesCH	pCH	
	1998	5	1	0	4	0	
	1998	5	2	0	4	0	
	1998	6	1	0	9	0	
	1998	6	2	0	8	0	
	1998	7	1	0	13	0	
	1998	7	2	0	12	0	
	1998	8	1	0	44	0	
	1998	8	2	0	21	0	
	1998	9	1	0	69	0	
	1998	9	2	1	35	0.02857143	
	1998	10	1	0	133	0	
	1998	10	2	0	72	0	
	1998	11	1	2	315	0.006349206	
	1998	11	2	1	164	0.006097561	
	1998	12	1	0	374	0	
	1998	12	2	1	248	0.004032258	
	1998	13	1	1	495	0.002020202	
	1998	13	2	0	396	0	
	1998	14	1	1	595	0.001680672	
	1998	14	2	2	542	0.003690037	
	1998	15	1	0	542	0	
	1998	15	2	0	649	0	
	1998	16	1	4	446	0.00896861	
	1998	16	2	6	607	0.009884679	
	1998	17	1	1	228	0.004385965	
	1998	17	2	4	395	0.01012658	
	1998	18	1	3	77	0.03896104	
	1998	18	2	6	215	0.02790698	
	1998	19	1	3	16	0.1875	
	1998	19	2	2	46	0.04347826	
	1998	20	2	0	4	0	
	1999	5	1	0	4	0	
	1999	5	2	0	4	0	
	1999	6	1	0	13	0	
	1999	6	2	0	6	0	
	1999	7	1	0	26	0	
	1999	7	2	0	21	0	
	1999	8	1	0	44	0	
	1999	8	2	0	40	0	
	1999	9	1	0	78	0	
	1999	9	2	0	54	0	
	1999	10	1	0	175	0	
	1999	10	2	0	73	0	
	1999	11	1	0	416	0	
	1999	11	2	0	222	0	
	1999	12	1	0	516	0	
	1999	12	2	0	346	0	
	1999	13	1	0	660	0	
	1999	13	2	0	515	0	
	1999	14	1	0	778	0	
	1999	14	2	2	779	0.002567394	
	1999	15	1	3	767	0.003911343	
	1999	15	2	1	804	0.001243781	
	1999	16	1	8	585	0.01367521	
	1999	16	2	0	767	0	
	1999	17	1	1	245	0.004081633	
	1999	17	2	2	477	0.004192872	
	1999	18	1	3	98	0.03061224	
	1999	18	2	3	207	0.01449275	
	1999	19	1	1	15	0.06666667	
	1999	19	2	2	38	0.05263158	
	1999	20	1	0	1	0	
	1999	20	2	0	4	0	
	2000	5	1	0	3	0	
	2000	5	2	0	8	0	
	2000	6	1	0	7	0	
	2000	6	2	0	15	0	
	2000	7	1	0	16	0	
	2000	7	2	0	22	0	
	2000	8	1	0	54	0	
	2000	8	2	0	39	0	
	2000	9	1	0	113	0	
	2000	9	2	0	51	0	
	2000	10	1	1	165	0.006060606	
	2000	10	2	0	127	0	
	2000	11	1	0	380	0	
	2000	11	2	1	253	0.003952569	
	2000	12	1	0	579	0	
	2000	12	2	0	436	0	
	2000	13	1	1	680	0.001470588	
	2000	13	2	1	583	0.001715266	
	2000	14	1	0	834	0	
	2000	14	2	0	845	0	
	2000	15	1	0	742	0	
	2000	15	2	0	882	0	
	2000	16	1	2	608	0.003289474	
	2000	16	2	2	868	0.002304147	
	2000	17	1	1	332	0.003012048	
	2000	17	2	1	492	0.00203252	
	2000	18	1	3	129	0.02325581	
	2000	18	2	4	263	0.01520913	
	2000	19	1	3	22	0.1363636	
	2000	19	2	4	65	0.06153846	
	2000	20	2	0	2	0	
	2001	5	1	0	4	0	
	2001	5	2	0	8	0	
	2001	6	1	0	10	0	
	2001	6	2	0	12	0	
	2001	7	1	0	25	0	
	2001	7	2	0	21	0	
	2001	8	1	0	51	0	
	2001	8	2	0	44	0	
	2001	9	1	0	116	0	
	2001	9	2	0	66	0	
	2001	10	1	0	224	0	
	2001	10	2	0	135	0	
	2001	11	1	0	400	0	
	2001	11	2	0	268	0	
	2001	12	1	0	729	0	
	2001	12	2	0	465	0	
	2001	13	1	1	811	0.001233046	
	2001	13	2	1	634	0.001577287	
	2001	14	1	1	866	0.001154734	
	2001	14	2	1	941	0.001062699	
	2001	15	1	1	851	0.001175088	
	2001	15	2	3	1034	0.002901354	
	2001	16	1	4	732	0.005464481	
	2001	16	2	4	985	0.004060914	
	2001	17	1	2	371	0.005390836	
	2001	17	2	3	660	0.004545455	
	2001	18	1	1	98	0.01020408	
	2001	18	2	1	288	0.003472222	
	2001	19	1	1	21	0.04761905	
	2001	19	2	2	70	0.02857143	
	2001	20	1	1	1	1	
	2001	20	2	1	10	0.1	
	2002	5	1	0	4	0	
	2002	5	2	0	4	0	
	2002	6	1	0	13	0	
	2002	6	2	0	14	0	
	2002	7	1	0	33	0	
	2002	7	2	0	25	0	
	2002	8	1	0	68	0	
	2002	8	2	0	41	0	
	2002	9	1	0	147	0	
	2002	9	2	0	85	0	
	2002	10	1	0	236	0	
	2002	10	2	0	137	0	
	2002	11	1	0	426	0	
	2002	11	2	1	282	0.003546099	
	2002	12	1	0	766	0	
	2002	12	2	0	540	0	
	2002	13	1	1	809	0.001236094	
	2002	13	2	0	713	0	
	2002	14	1	2	939	0.002129925	
	2002	14	2	0	967	0	
	2002	15	1	1	907	0.001102536	
	2002	15	2	1	1065	0.0009389671	
	2002	16	1	4	764	0.005235602	
	2002	16	2	5	1136	0.004401408	
	2002	17	1	4	420	0.00952381	
	2002	17	2	6	740	0.008108108	
	2002	18	1	1	143	0.006993007	
	2002	18	2	1	296	0.003378378	
	2002	19	1	1	17	0.05882353	
	2002	19	2	3	66	0.04545455	
	2002	20	1	0	3	0	
	2002	20	2	0	2	0	
	2003	5	1	0	6	0	
	2003	5	2	0	5	0	
	2003	6	1	0	17	0	
	2003	6	2	0	18	0	
	2003	7	1	0	36	0	
	2003	7	2	0	18	0	
	2003	8	1	0	69	0	
	2003	8	2	0	47	0	
	2003	9	1	0	135	0	
	2003	9	2	0	88	0	
	2003	10	1	0	283	0	
	2003	10	2	0	147	0	
	2003	11	1	0	465	0	
	2003	11	2	0	312	0	
	2003	12	1	0	736	0	
	2003	12	2	0	578	0	
	2003	13	1	0	945	0	
	2003	13	2	2	774	0.002583979	
	2003	14	1	5	1047	0.004775549	
	2003	14	2	0	1106	0	
	2003	15	1	0	982	0	
	2003	15	2	0	1280	0	
	2003	16	1	0	757	0	
	2003	16	2	0	1123	0	
	2003	17	1	4	467	0.00856531	
	2003	17	2	5	762	0.00656168	
	2003	18	1	0	131	0	
	2003	18	2	4	319	0.01253918	
	2003	19	1	1	26	0.03846154	
	2003	19	2	2	72	0.02777778	
	2003	20	1	0	4	0	
	2003	20	2	0	8	0	
	2004	5	1	0	10	0	
	2004	5	2	0	7	0	
	2004	6	1	0	17	0	
	2004	6	2	0	16	0	
	2004	7	1	0	42	0	
	2004	7	2	0	27	0	
	2004	8	1	0	74	0	
	2004	8	2	1	52	0.01923077	
	2004	9	1	0	151	0	
	2004	9	2	1	105	0.00952381	
	2004	10	1	0	296	0	
	2004	10	2	0	179	0	
	2004	11	1	0	516	0	
	2004	11	2	0	305	0	
	2004	12	1	0	876	0	
	2004	12	2	0	602	0	
	2004	13	1	0	1091	0	
	2004	13	2	0	856	0	
	2004	14	1	1	940	0.00106383	
	2004	14	2	0	1046	0	
	2004	15	1	0	1165	0	
	2004	15	2	0	1330	0	
	2004	16	1	4	848	0.004716981	
	2004	16	2	1	1218	0.0008210181	
	2004	17	1	7	490	0.01428571	
	2004	17	2	1	804	0.001243781	
	2004	18	1	6	142	0.04225352	
	2004	18	2	3	302	0.009933775	
	2004	19	1	0	29	0	
	2004	19	2	2	94	0.0212766	
	2004	20	1	0	2	0	
	2004	20	2	0	9	0	
	2005	5	1	0	8	0	
	2005	5	2	0	9	0	
	2005	6	1	0	11	0	
	2005	6	2	0	12	0	
	2005	7	1	0	26	0	
	2005	7	2	0	33	0	
	2005	8	1	0	88	0	
	2005	8	2	0	47	0	
	2005	9	1	0	175	0	
	2005	9	2	0	84	0	
	2005	10	1	0	288	0	
	2005	10	2	0	173	0	
	2005	11	1	0	514	0	
	2005	11	2	0	341	0	
	2005	12	1	0	948	0	
	2005	12	2	0	590	0	
	2005	13	1	1	1115	0.000896861	
	2005	13	2	1	898	0.001113586	
	2005	14	1	0	1014	0	
	2005	14	2	0	1079	0	
	2005	15	1	0	1139	0	
	2005	15	2	2	1418	0.001410437	
	2005	16	1	0	907	0	
	2005	16	2	2	1240	0.001612903	
	2005	17	1	4	529	0.007561437	
	2005	17	2	3	866	0.003464203	
	2005	18	1	5	179	0.02793296	
	2005	18	2	4	362	0.01104972	
	2005	19	1	1	37	0.02702703	
	2005	19	2	1	78	0.01282051	
	2005	20	1	0	2	0	
	2005	20	2	0	7	0	
	2006	5	1	0	4	0	
	2006	5	2	0	7	0	
	2006	6	1	0	13	0	
	2006	6	2	0	17	0	
	2006	7	1	0	36	0	
	2006	7	2	0	27	0	
	2006	8	1	0	74	0	
	2006	8	2	0	59	0	
	2006	9	1	0	186	0	
	2006	9	2	0	100	0	
	2006	10	1	0	359	0	
	2006	10	2	0	192	0	
	2006	11	1	0	497	0	
	2006	11	2	0	368	0	
	2006	12	1	0	906	0	
	2006	12	2	0	638	0	
	2006	13	1	0	1215	0	
	2006	13	2	1	954	0.001048218	
	2006	14	1	0	1042	0	
	2006	14	2	0	1090	0	
	2006	15	1	1	1200	0.0008333333	
	2006	15	2	0	1369	0	
	2006	16	1	1	920	0.001086957	
	2006	16	2	1	1282	0.0007800312	
	2006	17	1	2	525	0.003809524	
	2006	17	2	6	893	0.006718925	
	2006	18	1	2	184	0.01086957	
	2006	18	2	0	353	0	
	2006	19	1	1	34	0.02941176	
	2006	19	2	2	74	0.02702703	
	2006	20	1	0	1	0	
	2006	20	2	1	9	0.1111111	
	2007	5	1	0	5	0	
	2007	5	2	0	8	0	
	2007	6	1	0	17	0	
	2007	6	2	0	12	0	
	2007	7	1	0	33	0	
	2007	7	2	0	22	0	
	2007	8	1	0	85	0	
	2007	8	2	0	62	0	
	2007	9	1	1	186	0.005376344	
	2007	9	2	0	120	0	
	2007	10	1	0	354	0	
	2007	10	2	0	194	0	
	2007	11	1	0	606	0	
	2007	11	2	0	344	0	
	2007	12	1	1	930	0.001075269	
	2007	12	2	0	648	0	
	2007	13	1	2	1348	0.00148368	
	2007	13	2	2	1082	0.001848429	
	2007	14	1	1	1210	0.0008264463	
	2007	14	2	1	1187	0.00084246	
	2007	15	1	0	1179	0	
	2007	15	2	4	1506	0.002656042	
	2007	16	1	1	1007	0.0009930487	
	2007	16	2	2	1416	0.001412429	
	2007	17	1	6	585	0.01025641	
	2007	17	2	6	1002	0.005988024	
	2007	18	1	3	198	0.01515152	
	2007	18	2	0	331	0	
	2007	19	1	1	38	0.02631579	
	2007	19	2	2	88	0.02272727	
	2007	20	1	0	4	0	
	2007	20	2	0	8	0	
	2008	5	1	0	3	0	
	2008	5	2	0	8	0	
	2008	6	1	0	13	0	
	2008	6	2	0	12	0	
	2008	7	1	0	24	0	
	2008	7	2	0	24	0	
	2008	8	1	0	87	0	
	2008	8	2	0	60	0	
	2008	9	1	0	210	0	
	2008	9	2	0	120	0	
	2008	10	1	0	380	0	
	2008	10	2	0	228	0	
	2008	11	1	0	596	0	
	2008	11	2	0	399	0	
	2008	12	1	0	875	0	
	2008	12	2	0	672	0	
	2008	13	1	0	1394	0	
	2008	13	2	0	1134	0	
	2008	14	1	2	1255	0.001593625	
	2008	14	2	1	1220	0.0008196721	
	2008	15	1	2	1196	0.001672241	
	2008	15	2	2	1473	0.001357773	
	2008	16	1	0	961	0	
	2008	16	2	2	1437	0.001391788	
	2008	17	1	4	544	0.007352941	
	2008	17	2	3	1014	0.00295858	
	2008	18	1	1	187	0.005347594	
	2008	18	2	2	418	0.004784689	
	2008	19	1	0	27	0	
	2008	19	2	1	77	0.01298701	
	2008	20	1	0	3	0	
	2008	20	2	0	8	0	
	2009	5	1	0	11	0	
	2009	5	2	0	9	0	
	2009	6	1	0	14	0	
	2009	6	2	0	19	0	
	2009	7	1	0	43	0	
	2009	7	2	0	22	0	
	2009	8	1	0	80	0	
	2009	8	2	0	52	0	
	2009	9	1	0	199	0	
	2009	9	2	0	108	0	
	2009	10	1	0	401	0	
	2009	10	2	0	216	0	
	2009	11	1	0	560	0	
	2009	11	2	0	451	0	
	2009	12	1	0	935	0	
	2009	12	2	0	686	0	
	2009	13	1	1	1341	0.0007457122	
	2009	13	2	0	1115	0	
	2009	14	1	0	1357	0	
	2009	14	2	1	1339	0.000746826	
	2009	15	1	2	1262	0.001584786	
	2009	15	2	0	1521	0	
	2009	16	1	1	1041	0.0009606148	
	2009	16	2	1	1427	0.0007007708	
	2009	17	1	2	557	0.003590664	
	2009	17	2	2	999	0.002002002	
	2009	18	1	4	217	0.01843318	
	2009	18	2	4	446	0.00896861	
	2009	19	1	1	34	0.02941176	
	2009	19	2	5	80	0.0625	
	2009	20	1	0	2	0	
	2009	20	2	1	9	0.1111111	
	2010	5	1	0	5	0	
	2010	5	2	0	9	0	
	2010	6	1	0	15	0	
	2010	6	2	0	11	0	
	2010	7	1	0	35	0	
	2010	7	2	0	27	0	
	2010	8	1	0	71	0	
	2010	8	2	0	52	0	
	2010	9	1	0	194	0	
	2010	9	2	1	123	0.008130081	
	2010	10	1	0	424	0	
	2010	10	2	0	245	0	
	2010	11	1	0	611	0	
	2010	11	2	0	419	0	
	2010	12	1	0	968	0	
	2010	12	2	0	689	0	
	2010	13	1	0	1328	0	
	2010	13	2	0	1175	0	
	2010	14	1	1	1489	0.0006715917	
	2010	14	2	1	1375	0.0007272727	
	2010	15	1	3	1259	0.002382844	
	2010	15	2	0	1592	0	
	2010	16	1	3	1109	0.00270514	
	2010	16	2	3	1472	0.002038043	
	2010	17	1	6	654	0.009174312	
	2010	17	2	3	1035	0.002898551	
	2010	18	1	2	231	0.008658009	
	2010	18	2	6	452	0.01327434	
	2010	19	1	4	36	0.1111111	
	2010	19	2	3	90	0.03333333	
	2010	20	1	0	3	0	
	2010	20	2	3	13	0.2307692	
	2011	5	1	0	6	0	
	2011	5	2	0	7	0	
	2011	6	1	0	12	0	
	2011	6	2	0	17	0	
	2011	7	1	0	40	0	
	2011	7	2	0	39	0	
	2011	8	1	0	93	0	
	2011	8	2	0	56	0	
	2011	9	1	0	215	0	
	2011	9	2	0	141	0	
	2011	10	1	0	407	0	
	2011	10	2	0	265	0	
	2011	11	1	0	689	0	
	2011	11	2	0	408	0	
	2011	12	1	1	948	0.001054852	
	2011	12	2	0	673	0	
	2011	13	1	1	1281	0.0007806401	
	2011	13	2	0	1164	0	
	2011	14	1	1	1468	0.0006811989	
	2011	14	2	1	1599	0.0006253909	
	2011	15	1	0	1272	0	
	2011	15	2	3	1543	0.001944264	
	2011	16	1	4	1131	0.003536693	
	2011	16	2	3	1534	0.001955671	
	2011	17	1	5	624	0.008012821	
	2011	17	2	4	1084	0.003690037	
	2011	18	1	4	256	0.015625	
	2011	18	2	8	434	0.01843318	
	2011	19	1	4	42	0.0952381	
	2011	19	2	3	101	0.02970297	
	2011	20	1	0	3	0	
	2011	20	2	0	11	0	
	2012	5	1	0	5	0	
	2012	5	2	0	6	0	
	2012	6	1	0	10	0	
	2012	6	2	0	18	0	
	2012	7	1	0	38	0	
	2012	7	2	0	21	0	
	2012	8	1	0	86	0	
	2012	8	2	0	58	0	
	2012	9	1	1	210	0.004761905	
	2012	9	2	0	121	0	
	2012	10	1	0	358	0	
	2012	10	2	0	253	0	
	2012	11	1	0	660	0	
	2012	11	2	0	431	0	
	2012	12	1	0	967	0	
	2012	12	2	1	707	0.001414427	
	2012	13	1	1	1320	0.0007575758	
	2012	13	2	0	1056	0	
	2012	14	1	2	1484	0.001347709	
	2012	14	2	0	1487	0	
	2012	15	1	1	1300	0.0007692308	
	2012	15	2	2	1631	0.001226242	
	2012	16	1	1	1160	0.000862069	
	2012	16	2	3	1523	0.001969796	
	2012	17	1	4	647	0.00618238	
	2012	17	2	6	1129	0.005314438	
	2012	18	1	3	239	0.0125523	
	2012	18	2	1	458	0.002183406	
	2012	19	1	5	54	0.09259259	
	2012	19	2	6	105	0.05714286	
	2012	20	1	0	3	0	
	2012	20	2	2	12	0.1666667	
	2013	5	1	0	10	0	
	2013	5	2	0	6	0	
	2013	6	1	0	18	0	
	2013	6	2	0	6	0	
	2013	7	1	0	43	0	
	2013	7	2	0	31	0	
	2013	8	1	0	77	0	
	2013	8	2	0	59	0	
	2013	9	1	1	177	0.005649718	
	2013	9	2	0	113	0	
	2013	10	1	0	432	0	
	2013	10	2	0	274	0	
	2013	11	1	0	667	0	
	2013	11	2	0	441	0	
	2013	12	1	1	984	0.00101626	
	2013	12	2	0	697	0	
	2013	13	1	0	1243	0	
	2013	13	2	1	1049	0.0009532888	
	2013	14	1	0	1485	0	
	2013	14	2	0	1501	0	
	2013	15	1	1	1279	0.0007818608	
	2013	15	2	0	1619	0	
	2013	16	1	0	998	0	
	2013	16	2	2	1571	0.001273074	
	2013	17	1	4	665	0.006015038	
	2013	17	2	7	1082	0.006469501	
	2013	18	1	3	248	0.01209677	
	2013	18	2	2	421	0.004750594	
	2013	19	1	1	37	0.02702703	
	2013	19	2	8	83	0.09638554	
	2013	20	1	0	6	0	
	2013	20	2	3	6	0.5	

