
	A.7.12.M OP nur an Koronargefässen ohne HD Herzinfarkt (Alter >19), Mortalität // OP des vaisseaux coronaires uniquement, sans DP infarctus du myocarde (âge >19), mortalité // OP solo ai vasi coronarici senza DP infarto miocardico (età >19), mortalità
	BAG/OFSP/UFSP - CH-IQI Version V4.0 - Daten 2013 - 27. Juli 2015

	Jahr	AltEGrp	Sex	DeathCH	CasesCH	pCH	
	1998	5	1	0	1	0	
	1998	6	2	0	1	0	
	1998	7	1	0	4	0	
	1998	7	2	0	1	0	
	1998	8	1	0	11	0	
	1998	8	2	0	2	0	
	1998	9	1	0	34	0	
	1998	9	2	0	5	0	
	1998	10	1	0	89	0	
	1998	10	2	0	8	0	
	1998	11	1	1	178	0.005617978	
	1998	11	2	0	23	0	
	1998	12	1	2	240	0.008333333	
	1998	12	2	1	40	0.025	
	1998	13	1	6	327	0.01834862	
	1998	13	2	0	63	0	
	1998	14	1	4	335	0.0119403	
	1998	14	2	1	83	0.01204819	
	1998	15	1	3	263	0.01140684	
	1998	15	2	3	120	0.025	
	1998	16	1	7	164	0.04268293	
	1998	16	2	5	58	0.0862069	
	1998	17	1	0	29	0	
	1998	17	2	1	16	0.0625	
	1998	18	1	0	1	0	
	1999	6	1	0	1	0	
	1999	6	2	0	2	0	
	1999	7	1	0	5	0	
	1999	7	2	0	1	0	
	1999	8	1	0	15	0	
	1999	8	2	0	2	0	
	1999	9	1	1	48	0.02083333	
	1999	9	2	0	2	0	
	1999	10	1	0	112	0	
	1999	10	2	1	14	0.07142857	
	1999	11	1	1	242	0.004132231	
	1999	11	2	0	33	0	
	1999	12	1	2	305	0.006557377	
	1999	12	2	0	36	0	
	1999	13	1	2	331	0.006042296	
	1999	13	2	2	75	0.02666667	
	1999	14	1	6	452	0.01327434	
	1999	14	2	3	128	0.0234375	
	1999	15	1	11	353	0.03116147	
	1999	15	2	3	136	0.02205882	
	1999	16	1	7	193	0.03626943	
	1999	16	2	5	81	0.0617284	
	1999	17	1	2	32	0.0625	
	1999	17	2	0	17	0	
	1999	18	1	0	9	0	
	1999	18	2	0	4	0	
	2000	5	1	0	2	0	
	2000	6	2	0	1	0	
	2000	7	1	0	4	0	
	2000	7	2	1	1	1	
	2000	8	1	0	14	0	
	2000	8	2	0	1	0	
	2000	9	1	0	41	0	
	2000	9	2	0	6	0	
	2000	10	1	0	89	0	
	2000	10	2	0	17	0	
	2000	11	1	2	204	0.009803922	
	2000	11	2	1	18	0.05555556	
	2000	12	1	1	301	0.003322259	
	2000	12	2	0	45	0	
	2000	13	1	6	365	0.01643836	
	2000	13	2	1	56	0.01785714	
	2000	14	1	7	399	0.01754386	
	2000	14	2	4	95	0.04210526	
	2000	15	1	13	341	0.03812317	
	2000	15	2	3	129	0.02325581	
	2000	16	1	9	202	0.04455446	
	2000	16	2	7	81	0.08641975	
	2000	17	1	1	40	0.025	
	2000	17	2	0	16	0	
	2000	18	1	2	7	0.2857143	
	2000	18	2	0	1	0	
	2001	5	2	0	1	0	
	2001	6	1	1	1	1	
	2001	6	2	0	1	0	
	2001	7	1	0	6	0	
	2001	7	2	0	1	0	
	2001	8	1	0	15	0	
	2001	8	2	0	2	0	
	2001	9	1	0	42	0	
	2001	9	2	0	13	0	
	2001	10	1	1	125	0.008	
	2001	10	2	0	10	0	
	2001	11	1	1	220	0.004545455	
	2001	11	2	0	27	0	
	2001	12	1	5	363	0.0137741	
	2001	12	2	1	49	0.02040816	
	2001	13	1	8	406	0.01970443	
	2001	13	2	1	87	0.01149425	
	2001	14	1	7	445	0.01573034	
	2001	14	2	1	116	0.00862069	
	2001	15	1	12	414	0.02898551	
	2001	15	2	5	142	0.03521127	
	2001	16	1	9	281	0.03202847	
	2001	16	2	7	127	0.05511811	
	2001	17	1	2	54	0.03703704	
	2001	17	2	4	26	0.1538462	
	2001	18	1	0	4	0	
	2001	18	2	0	5	0	
	2001	19	1	0	3	0	
	2002	7	1	0	1	0	
	2002	8	1	0	13	0	
	2002	8	2	0	2	0	
	2002	9	1	0	45	0	
	2002	9	2	0	9	0	
	2002	10	1	1	113	0.008849558	
	2002	10	2	0	10	0	
	2002	11	1	1	221	0.004524887	
	2002	11	2	1	28	0.03571429	
	2002	12	1	3	373	0.008042895	
	2002	12	2	1	57	0.01754386	
	2002	13	1	6	394	0.01522843	
	2002	13	2	0	76	0	
	2002	14	1	8	476	0.01680672	
	2002	14	2	2	136	0.01470588	
	2002	15	1	7	449	0.0155902	
	2002	15	2	4	158	0.02531646	
	2002	16	1	17	272	0.0625	
	2002	16	2	5	131	0.03816794	
	2002	17	1	2	73	0.02739726	
	2002	17	2	5	38	0.1315789	
	2002	18	1	0	3	0	
	2002	18	2	0	5	0	
	2002	20	1	0	2	0	
	2002	20	2	0	1	0	
	2003	6	1	0	2	0	
	2003	7	2	0	1	0	
	2003	8	1	0	11	0	
	2003	8	2	0	1	0	
	2003	9	1	0	33	0	
	2003	9	2	0	3	0	
	2003	10	1	0	82	0	
	2003	10	2	0	8	0	
	2003	11	1	1	185	0.005405405	
	2003	11	2	0	18	0	
	2003	12	1	0	308	0	
	2003	12	2	1	33	0.03030303	
	2003	13	1	4	341	0.01173021	
	2003	13	2	2	68	0.02941176	
	2003	14	1	5	424	0.01179245	
	2003	14	2	4	94	0.04255319	
	2003	15	1	5	404	0.01237624	
	2003	15	2	3	134	0.02238806	
	2003	16	1	7	266	0.02631579	
	2003	16	2	6	101	0.05940594	
	2003	17	1	8	73	0.109589	
	2003	17	2	0	21	0	
	2003	18	1	0	6	0	
	2003	18	2	1	5	0.2	
	2003	19	1	0	1	0	
	2004	8	1	0	14	0	
	2004	8	2	0	1	0	
	2004	9	1	0	30	0	
	2004	9	2	0	4	0	
	2004	10	1	1	74	0.01351351	
	2004	10	2	0	11	0	
	2004	11	1	0	153	0	
	2004	11	2	0	17	0	
	2004	12	1	2	295	0.006779661	
	2004	12	2	1	37	0.02702703	
	2004	13	1	5	329	0.01519757	
	2004	13	2	2	55	0.03636364	
	2004	14	1	5	375	0.01333333	
	2004	14	2	2	86	0.02325581	
	2004	15	1	11	344	0.03197674	
	2004	15	2	1	120	0.008333333	
	2004	16	1	2	233	0.008583691	
	2004	16	2	6	114	0.05263158	
	2004	17	1	5	70	0.07142857	
	2004	17	2	1	30	0.03333333	
	2004	18	1	1	7	0.1428571	
	2004	18	2	0	1	0	
	2004	19	1	0	1	0	
	2005	6	1	0	1	0	
	2005	7	1	0	2	0	
	2005	8	1	0	12	0	
	2005	8	2	0	1	0	
	2005	9	1	0	34	0	
	2005	9	2	0	4	0	
	2005	10	1	0	76	0	
	2005	10	2	0	6	0	
	2005	11	1	0	165	0	
	2005	11	2	0	16	0	
	2005	12	1	0	234	0	
	2005	12	2	0	43	0	
	2005	13	1	8	355	0.02253521	
	2005	13	2	1	54	0.01851852	
	2005	14	1	9	359	0.02506964	
	2005	14	2	2	75	0.02666667	
	2005	15	1	8	343	0.02332362	
	2005	15	2	6	117	0.05128205	
	2005	16	1	8	257	0.0311284	
	2005	16	2	4	108	0.03703704	
	2005	17	1	3	74	0.04054054	
	2005	17	2	1	27	0.03703704	
	2005	18	1	0	2	0	
	2006	7	1	0	2	0	
	2006	8	1	0	7	0	
	2006	8	2	0	1	0	
	2006	9	1	0	28	0	
	2006	9	2	0	6	0	
	2006	10	1	0	62	0	
	2006	10	2	0	15	0	
	2006	11	1	2	127	0.01574803	
	2006	11	2	0	14	0	
	2006	12	1	6	246	0.02439024	
	2006	12	2	1	28	0.03571429	
	2006	13	1	2	295	0.006779661	
	2006	13	2	1	63	0.01587302	
	2006	14	1	3	345	0.008695652	
	2006	14	2	1	72	0.01388889	
	2006	15	1	9	334	0.02694611	
	2006	15	2	3	79	0.03797468	
	2006	16	1	6	195	0.03076923	
	2006	16	2	3	97	0.03092784	
	2006	17	1	5	78	0.06410256	
	2006	17	2	5	30	0.1666667	
	2006	18	1	0	4	0	
	2006	18	2	1	3	0.3333333	
	2006	19	2	0	1	0	
	2007	6	1	0	1	0	
	2007	8	1	0	6	0	
	2007	9	1	0	24	0	
	2007	9	2	0	3	0	
	2007	10	1	0	70	0	
	2007	10	2	0	5	0	
	2007	11	1	1	134	0.007462687	
	2007	11	2	0	18	0	
	2007	12	1	1	216	0.00462963	
	2007	12	2	0	24	0	
	2007	13	1	4	306	0.0130719	
	2007	13	2	2	51	0.03921569	
	2007	14	1	9	321	0.02803738	
	2007	14	2	3	88	0.03409091	
	2007	15	1	5	339	0.01474926	
	2007	15	2	0	84	0	
	2007	16	1	11	221	0.04977376	
	2007	16	2	5	88	0.05681818	
	2007	17	1	4	76	0.05263158	
	2007	17	2	4	47	0.08510638	
	2007	18	1	0	6	0	
	2007	18	2	0	3	0	
	2008	5	1	0	2	0	
	2008	6	1	0	1	0	
	2008	7	1	0	1	0	
	2008	8	1	0	2	0	
	2008	9	1	0	22	0	
	2008	9	2	0	1	0	
	2008	10	1	0	71	0	
	2008	10	2	0	11	0	
	2008	11	1	0	122	0	
	2008	11	2	0	12	0	
	2008	12	1	1	194	0.005154639	
	2008	12	2	2	32	0.0625	
	2008	13	1	3	361	0.008310249	
	2008	13	2	0	53	0	
	2008	14	1	3	334	0.008982036	
	2008	14	2	3	83	0.03614458	
	2008	15	1	7	303	0.02310231	
	2008	15	2	2	78	0.02564103	
	2008	16	1	3	218	0.01376147	
	2008	16	2	3	89	0.03370787	
	2008	17	1	1	63	0.01587302	
	2008	17	2	4	45	0.08888889	
	2008	18	1	0	7	0	
	2008	18	2	0	2	0	
	2008	19	1	0	1	0	
	2009	5	1	0	1	0	
	2009	7	1	0	1	0	
	2009	8	1	0	5	0	
	2009	8	2	0	1	0	
	2009	9	1	0	22	0	
	2009	9	2	0	1	0	
	2009	10	1	0	54	0	
	2009	10	2	0	8	0	
	2009	11	1	0	124	0	
	2009	11	2	0	15	0	
	2009	12	1	2	191	0.0104712	
	2009	12	2	0	21	0	
	2009	13	1	4	280	0.01428571	
	2009	13	2	1	41	0.02439024	
	2009	14	1	3	303	0.00990099	
	2009	14	2	2	63	0.03174603	
	2009	15	1	9	305	0.0295082	
	2009	15	2	1	83	0.01204819	
	2009	16	1	6	207	0.02898551	
	2009	16	2	3	83	0.03614458	
	2009	17	1	3	81	0.03703704	
	2009	17	2	1	36	0.02777778	
	2009	18	1	0	16	0	
	2009	18	2	1	6	0.1666667	
	2010	5	2	0	1	0	
	2010	6	1	0	1	0	
	2010	8	1	0	4	0	
	2010	8	2	0	3	0	
	2010	9	1	0	24	0	
	2010	9	2	0	3	0	
	2010	10	1	0	66	0	
	2010	10	2	0	5	0	
	2010	11	1	2	120	0.01666667	
	2010	11	2	0	15	0	
	2010	12	1	4	191	0.02094241	
	2010	12	2	0	26	0	
	2010	13	1	1	280	0.003571429	
	2010	13	2	2	37	0.05405405	
	2010	14	1	0	327	0	
	2010	14	2	2	77	0.02597403	
	2010	15	1	1	247	0.004048583	
	2010	15	2	0	86	0	
	2010	16	1	3	211	0.01421801	
	2010	16	2	1	86	0.01162791	
	2010	17	1	5	77	0.06493506	
	2010	17	2	3	41	0.07317073	
	2010	18	1	2	20	0.1	
	2010	18	2	1	3	0.3333333	
	2011	6	2	0	1	0	
	2011	7	1	0	2	0	
	2011	8	1	0	5	0	
	2011	9	1	1	24	0.04166667	
	2011	9	2	0	2	0	
	2011	10	1	0	70	0	
	2011	10	2	1	5	0.2	
	2011	11	1	2	139	0.01438849	
	2011	11	2	1	11	0.09090909	
	2011	12	1	0	182	0	
	2011	12	2	0	23	0	
	2011	13	1	2	314	0.006369427	
	2011	13	2	1	55	0.01818182	
	2011	14	1	1	338	0.00295858	
	2011	14	2	1	73	0.01369863	
	2011	15	1	6	261	0.02298851	
	2011	15	2	2	74	0.02702703	
	2011	16	1	5	232	0.02155172	
	2011	16	2	2	79	0.02531646	
	2011	17	1	2	92	0.02173913	
	2011	17	2	1	23	0.04347826	
	2011	18	1	0	16	0	
	2011	18	2	0	3	0	
	2012	7	1	0	1	0	
	2012	8	1	0	5	0	
	2012	8	2	0	1	0	
	2012	9	1	0	15	0	
	2012	9	2	0	1	0	
	2012	10	1	0	61	0	
	2012	10	2	0	7	0	
	2012	11	1	0	111	0	
	2012	11	2	0	16	0	
	2012	12	1	0	171	0	
	2012	12	2	0	34	0	
	2012	13	1	2	287	0.006968641	
	2012	13	2	0	44	0	
	2012	14	1	3	366	0.008196721	
	2012	14	2	0	76	0	
	2012	15	1	5	293	0.01706485	
	2012	15	2	1	72	0.01388889	
	2012	16	1	1	231	0.004329004	
	2012	16	2	2	77	0.02597403	
	2012	17	1	2	76	0.02631579	
	2012	17	2	3	36	0.08333333	
	2012	18	1	2	10	0.2	
	2012	18	2	0	4	0	
	2012	19	1	0	1	0	
	2012	19	2	0	1	0	
	2013	5	2	0	1	0	
	2013	8	1	0	1	0	
	2013	8	2	0	2	0	
	2013	9	1	0	16	0	
	2013	9	2	0	1	0	
	2013	10	1	0	55	0	
	2013	10	2	0	5	0	
	2013	11	1	0	140	0	
	2013	11	2	0	15	0	
	2013	12	1	1	199	0.005025126	
	2013	12	2	0	24	0	
	2013	13	1	1	311	0.003215434	
	2013	13	2	3	29	0.1034483	
	2013	14	1	4	327	0.01223242	
	2013	14	2	1	69	0.01449275	
	2013	15	1	2	288	0.006944444	
	2013	15	2	4	62	0.06451613	
	2013	16	1	4	213	0.01877934	
	2013	16	2	1	60	0.01666667	
	2013	17	1	1	90	0.01111111	
	2013	17	2	1	30	0.03333333	
	2013	18	1	0	5	0	
	2013	18	2	0	5	0	
	2013	19	1	0	1	0	
	2013	19	2	0	1	0	

