
	A.7.7.M Isolierter offener Aortenklappenersatz ohne weitere OP am Herzen, Mortalität // Remplacement isolé de valve aortique à cœur ouvert sans autre OP du cœur, mortalité // Sostituzione isolata della valvola aortica a cuore aperto senza altre OP al cuore, mortalità
	BAG/OFSP/UFSP - CH-IQI Version V4.0 - Daten 2013 - 27. Juli 2015

	Jahr	AltEGrp	Sex	DeathCH	CasesCH	pCH	
	1998	1	1	1	1	1	
	1998	2	2	0	1	0	
	1998	3	1	0	2	0	
	1998	4	1	0	2	0	
	1998	4	2	0	2	0	
	1998	5	1	0	2	0	
	1998	6	1	0	2	0	
	1998	7	1	0	5	0	
	1998	7	2	0	2	0	
	1998	8	1	0	9	0	
	1998	8	2	0	2	0	
	1998	9	1	0	6	0	
	1998	9	2	0	2	0	
	1998	10	1	0	20	0	
	1998	10	2	0	2	0	
	1998	11	1	0	21	0	
	1998	11	2	0	6	0	
	1998	12	1	0	29	0	
	1998	12	2	0	10	0	
	1998	13	1	1	36	0.02777778	
	1998	13	2	0	16	0	
	1998	14	1	0	42	0	
	1998	14	2	0	21	0	
	1998	15	1	0	36	0	
	1998	15	2	0	34	0	
	1998	16	1	1	23	0.04347826	
	1998	16	2	2	26	0.07692308	
	1998	17	1	0	5	0	
	1998	17	2	0	23	0	
	1998	18	1	0	3	0	
	1999	1	1	0	1	0	
	1999	3	1	0	1	0	
	1999	3	2	0	1	0	
	1999	4	1	0	4	0	
	1999	4	2	0	1	0	
	1999	5	1	0	2	0	
	1999	5	2	0	1	0	
	1999	6	1	0	4	0	
	1999	6	2	0	1	0	
	1999	7	1	0	8	0	
	1999	7	2	0	2	0	
	1999	8	1	0	13	0	
	1999	8	2	0	1	0	
	1999	9	1	2	15	0.1333333	
	1999	9	2	1	4	0.25	
	1999	10	1	0	16	0	
	1999	10	2	0	3	0	
	1999	11	1	1	18	0.05555556	
	1999	11	2	1	8	0.125	
	1999	12	1	0	25	0	
	1999	12	2	0	8	0	
	1999	13	1	0	32	0	
	1999	13	2	0	16	0	
	1999	14	1	2	34	0.05882353	
	1999	14	2	0	36	0	
	1999	15	1	1	43	0.02325581	
	1999	15	2	0	33	0	
	1999	16	1	0	33	0	
	1999	16	2	2	29	0.06896552	
	1999	17	1	0	15	0	
	1999	17	2	0	11	0	
	1999	18	1	0	1	0	
	1999	18	2	0	4	0	
	2000	3	1	0	2	0	
	2000	3	2	0	1	0	
	2000	4	1	0	2	0	
	2000	4	2	0	3	0	
	2000	5	1	0	3	0	
	2000	6	1	0	3	0	
	2000	6	2	0	1	0	
	2000	7	1	0	10	0	
	2000	7	2	0	3	0	
	2000	8	1	0	10	0	
	2000	8	2	0	4	0	
	2000	9	1	1	12	0.08333333	
	2000	9	2	0	2	0	
	2000	10	1	0	21	0	
	2000	10	2	0	6	0	
	2000	11	1	1	36	0.02777778	
	2000	11	2	0	6	0	
	2000	12	1	0	39	0	
	2000	12	2	0	17	0	
	2000	13	1	1	51	0.01960784	
	2000	13	2	0	23	0	
	2000	14	1	2	54	0.03703704	
	2000	14	2	1	30	0.03333333	
	2000	15	1	1	80	0.0125	
	2000	15	2	0	45	0	
	2000	16	1	1	49	0.02040816	
	2000	16	2	1	45	0.02222222	
	2000	17	1	0	19	0	
	2000	17	2	1	29	0.03448276	
	2000	18	1	1	5	0.2	
	2000	18	2	0	3	0	
	2000	19	1	0	2	0	
	2001	1	1	0	3	0	
	2001	2	1	0	1	0	
	2001	3	1	0	5	0	
	2001	4	1	0	1	0	
	2001	4	2	0	1	0	
	2001	5	1	0	2	0	
	2001	6	1	0	4	0	
	2001	7	1	0	15	0	
	2001	7	2	0	3	0	
	2001	8	1	0	16	0	
	2001	8	2	0	6	0	
	2001	9	1	0	17	0	
	2001	9	2	0	3	0	
	2001	10	1	2	31	0.06451613	
	2001	10	2	0	6	0	
	2001	11	1	1	34	0.02941176	
	2001	11	2	0	10	0	
	2001	12	1	1	57	0.01754386	
	2001	12	2	0	20	0	
	2001	13	1	0	48	0	
	2001	13	2	0	29	0	
	2001	14	1	2	60	0.03333333	
	2001	14	2	0	32	0	
	2001	15	1	5	91	0.05494505	
	2001	15	2	0	49	0	
	2001	16	1	3	54	0.05555556	
	2001	16	2	2	61	0.03278689	
	2001	17	1	0	20	0	
	2001	17	2	1	41	0.02439024	
	2001	18	1	0	4	0	
	2001	18	2	0	6	0	
	2002	1	2	1	2	0.5	
	2002	2	1	0	1	0	
	2002	2	2	0	1	0	
	2002	3	2	0	1	0	
	2002	4	1	0	5	0	
	2002	4	2	0	1	0	
	2002	5	1	0	5	0	
	2002	6	1	0	4	0	
	2002	6	2	0	1	0	
	2002	7	1	0	8	0	
	2002	7	2	0	2	0	
	2002	8	1	1	15	0.06666667	
	2002	8	2	0	2	0	
	2002	9	1	1	14	0.07142857	
	2002	9	2	0	7	0	
	2002	10	1	0	26	0	
	2002	10	2	0	6	0	
	2002	11	1	1	50	0.02	
	2002	11	2	1	13	0.07692308	
	2002	12	1	0	63	0	
	2002	12	2	1	16	0.0625	
	2002	13	1	1	68	0.01470588	
	2002	13	2	0	22	0	
	2002	14	1	2	70	0.02857143	
	2002	14	2	0	49	0	
	2002	15	1	4	68	0.05882353	
	2002	15	2	5	68	0.07352941	
	2002	16	1	3	64	0.046875	
	2002	16	2	2	60	0.03333333	
	2002	17	1	6	38	0.1578947	
	2002	17	2	2	50	0.04	
	2002	18	1	1	9	0.1111111	
	2002	18	2	2	18	0.1111111	
	2002	19	1	0	1	0	
	2002	19	2	0	1	0	
	2003	1	1	0	1	0	
	2003	2	1	0	1	0	
	2003	2	2	0	2	0	
	2003	3	2	0	1	0	
	2003	4	1	0	4	0	
	2003	4	2	0	1	0	
	2003	5	1	0	7	0	
	2003	6	1	0	8	0	
	2003	6	2	0	2	0	
	2003	7	1	0	12	0	
	2003	7	2	0	3	0	
	2003	8	1	0	22	0	
	2003	8	2	0	4	0	
	2003	9	1	1	21	0.04761905	
	2003	9	2	0	3	0	
	2003	10	1	0	19	0	
	2003	10	2	0	10	0	
	2003	11	1	2	35	0.05714286	
	2003	11	2	1	5	0.2	
	2003	12	1	2	56	0.03571429	
	2003	12	2	0	10	0	
	2003	13	1	1	61	0.01639344	
	2003	13	2	1	28	0.03571429	
	2003	14	1	1	72	0.01388889	
	2003	14	2	0	39	0	
	2003	15	1	5	79	0.06329114	
	2003	15	2	2	63	0.03174603	
	2003	16	1	4	75	0.05333333	
	2003	16	2	4	63	0.06349206	
	2003	17	1	1	32	0.03125	
	2003	17	2	0	42	0	
	2003	18	1	0	3	0	
	2003	18	2	1	6	0.1666667	
	2003	19	1	0	3	0	
	2003	19	2	0	1	0	
	2004	1	2	0	1	0	
	2004	2	1	0	3	0	
	2004	3	1	0	1	0	
	2004	4	1	0	7	0	
	2004	5	1	0	3	0	
	2004	5	2	0	1	0	
	2004	6	1	0	3	0	
	2004	6	2	0	3	0	
	2004	7	1	0	11	0	
	2004	7	2	0	1	0	
	2004	8	1	0	26	0	
	2004	8	2	0	4	0	
	2004	9	1	0	18	0	
	2004	9	2	0	7	0	
	2004	10	1	0	24	0	
	2004	10	2	1	7	0.1428571	
	2004	11	1	1	32	0.03125	
	2004	11	2	0	9	0	
	2004	12	1	0	69	0	
	2004	12	2	0	23	0	
	2004	13	1	1	83	0.01204819	
	2004	13	2	1	31	0.03225806	
	2004	14	1	0	90	0	
	2004	14	2	1	43	0.02325581	
	2004	15	1	3	88	0.03409091	
	2004	15	2	0	57	0	
	2004	16	1	4	80	0.05	
	2004	16	2	2	77	0.02597403	
	2004	17	1	5	27	0.1851852	
	2004	17	2	2	70	0.02857143	
	2004	18	1	1	10	0.1	
	2004	18	2	1	16	0.0625	
	2004	19	1	1	1	1	
	2005	2	1	0	2	0	
	2005	3	1	0	3	0	
	2005	3	2	0	1	0	
	2005	4	1	0	2	0	
	2005	4	2	0	1	0	
	2005	5	1	0	6	0	
	2005	6	1	0	4	0	
	2005	6	2	0	1	0	
	2005	7	1	0	8	0	
	2005	7	2	0	2	0	
	2005	8	1	0	18	0	
	2005	8	2	0	2	0	
	2005	9	1	0	14	0	
	2005	9	2	0	3	0	
	2005	10	1	0	31	0	
	2005	10	2	0	5	0	
	2005	11	1	1	42	0.02380952	
	2005	11	2	0	11	0	
	2005	12	1	1	44	0.02272727	
	2005	12	2	0	10	0	
	2005	13	1	1	79	0.01265823	
	2005	13	2	0	32	0	
	2005	14	1	1	79	0.01265823	
	2005	14	2	2	32	0.0625	
	2005	15	1	4	89	0.04494382	
	2005	15	2	1	49	0.02040816	
	2005	16	1	4	70	0.05714286	
	2005	16	2	2	92	0.02173913	
	2005	17	1	4	45	0.08888889	
	2005	17	2	4	42	0.0952381	
	2005	18	1	1	9	0.1111111	
	2005	18	2	0	10	0	
	2005	19	1	0	2	0	
	2005	19	2	0	2	0	
	2006	1	1	0	2	0	
	2006	1	2	0	2	0	
	2006	2	1	0	3	0	
	2006	3	1	0	5	0	
	2006	3	2	0	2	0	
	2006	4	1	0	3	0	
	2006	4	2	0	1	0	
	2006	5	1	0	2	0	
	2006	5	2	0	1	0	
	2006	6	1	0	3	0	
	2006	6	2	0	2	0	
	2006	7	1	0	13	0	
	2006	7	2	0	2	0	
	2006	8	1	1	13	0.07692308	
	2006	8	2	0	4	0	
	2006	9	1	0	17	0	
	2006	9	2	0	4	0	
	2006	10	1	0	18	0	
	2006	10	2	0	1	0	
	2006	11	1	0	44	0	
	2006	11	2	0	10	0	
	2006	12	1	0	44	0	
	2006	12	2	0	17	0	
	2006	13	1	0	95	0	
	2006	13	2	1	29	0.03448276	
	2006	14	1	2	69	0.02898551	
	2006	14	2	3	39	0.07692308	
	2006	15	1	3	89	0.03370787	
	2006	15	2	2	74	0.02702703	
	2006	16	1	2	71	0.02816901	
	2006	16	2	3	91	0.03296703	
	2006	17	1	7	42	0.1666667	
	2006	17	2	5	60	0.08333333	
	2006	18	1	0	7	0	
	2006	18	2	0	11	0	
	2006	19	1	1	1	1	
	2006	19	2	1	1	1	
	2006	20	2	1	1	1	
	2007	1	2	0	1	0	
	2007	2	1	0	4	0	
	2007	2	2	1	2	0.5	
	2007	3	1	0	4	0	
	2007	3	2	0	2	0	
	2007	4	1	0	5	0	
	2007	4	2	0	4	0	
	2007	5	1	0	2	0	
	2007	6	1	0	3	0	
	2007	6	2	0	4	0	
	2007	7	1	0	11	0	
	2007	7	2	0	3	0	
	2007	8	1	0	13	0	
	2007	8	2	0	3	0	
	2007	9	1	0	18	0	
	2007	9	2	0	4	0	
	2007	10	1	1	31	0.03225806	
	2007	10	2	1	10	0.1	
	2007	11	1	0	41	0	
	2007	11	2	0	14	0	
	2007	12	1	1	64	0.015625	
	2007	12	2	0	20	0	
	2007	13	1	0	80	0	
	2007	13	2	0	43	0	
	2007	14	1	1	97	0.01030928	
	2007	14	2	1	49	0.02040816	
	2007	15	1	2	110	0.01818182	
	2007	15	2	0	74	0	
	2007	16	1	2	104	0.01923077	
	2007	16	2	3	80	0.0375	
	2007	17	1	3	78	0.03846154	
	2007	17	2	1	82	0.01219512	
	2007	18	1	1	15	0.06666667	
	2007	18	2	3	31	0.09677419	
	2007	19	1	0	1	0	
	2007	19	2	0	2	0	
	2008	2	1	0	1	0	
	2008	2	2	1	1	1	
	2008	3	1	0	4	0	
	2008	3	2	0	2	0	
	2008	4	1	0	2	0	
	2008	4	2	0	2	0	
	2008	5	1	0	4	0	
	2008	6	1	0	10	0	
	2008	6	2	1	2	0.5	
	2008	7	1	0	7	0	
	2008	7	2	0	2	0	
	2008	8	1	0	10	0	
	2008	8	2	0	2	0	
	2008	9	1	0	26	0	
	2008	9	2	0	2	0	
	2008	10	1	1	40	0.025	
	2008	10	2	0	11	0	
	2008	11	1	0	39	0	
	2008	11	2	1	12	0.08333333	
	2008	12	1	3	72	0.04166667	
	2008	12	2	0	21	0	
	2008	13	1	2	106	0.01886792	
	2008	13	2	2	40	0.05	
	2008	14	1	1	85	0.01176471	
	2008	14	2	2	49	0.04081633	
	2008	15	1	3	101	0.02970297	
	2008	15	2	2	80	0.025	
	2008	16	1	4	113	0.03539823	
	2008	16	2	3	95	0.03157895	
	2008	17	1	3	59	0.05084746	
	2008	17	2	4	89	0.04494382	
	2008	18	1	0	18	0	
	2008	18	2	1	22	0.04545455	
	2008	19	1	1	2	0.5	
	2008	19	2	0	2	0	
	2009	2	1	0	2	0	
	2009	2	2	0	1	0	
	2009	3	1	0	1	0	
	2009	4	1	0	5	0	
	2009	5	1	0	4	0	
	2009	5	2	0	1	0	
	2009	6	1	1	16	0.0625	
	2009	6	2	0	3	0	
	2009	7	1	0	15	0	
	2009	7	2	0	4	0	
	2009	8	1	0	13	0	
	2009	8	2	0	3	0	
	2009	9	1	1	32	0.03125	
	2009	9	2	0	9	0	
	2009	10	1	0	38	0	
	2009	10	2	0	6	0	
	2009	11	1	0	59	0	
	2009	11	2	0	16	0	
	2009	12	1	2	83	0.02409639	
	2009	12	2	0	19	0	
	2009	13	1	0	117	0	
	2009	13	2	0	37	0	
	2009	14	1	0	79	0	
	2009	14	2	0	44	0	
	2009	15	1	3	99	0.03030303	
	2009	15	2	2	84	0.02380952	
	2009	16	1	4	114	0.03508772	
	2009	16	2	5	113	0.04424779	
	2009	17	1	1	53	0.01886792	
	2009	17	2	2	70	0.02857143	
	2009	18	1	1	13	0.07692308	
	2009	18	2	2	25	0.08	
	2009	19	1	1	2	0.5	
	2009	19	2	1	2	0.5	
	2009	20	2	0	1	0	
	2010	1	1	0	1	0	
	2010	2	2	0	1	0	
	2010	3	1	0	3	0	
	2010	3	2	0	2	0	
	2010	4	1	0	4	0	
	2010	4	2	0	2	0	
	2010	5	1	0	1	0	
	2010	5	2	0	2	0	
	2010	6	1	0	7	0	
	2010	6	2	0	5	0	
	2010	7	1	0	9	0	
	2010	7	2	0	3	0	
	2010	8	1	0	23	0	
	2010	8	2	0	4	0	
	2010	9	1	0	24	0	
	2010	9	2	0	8	0	
	2010	10	1	0	35	0	
	2010	10	2	1	10	0.1	
	2010	11	1	0	54	0	
	2010	11	2	0	14	0	
	2010	12	1	2	74	0.02702703	
	2010	12	2	0	24	0	
	2010	13	1	0	100	0	
	2010	13	2	0	29	0	
	2010	14	1	0	107	0	
	2010	14	2	1	53	0.01886792	
	2010	15	1	1	111	0.009009009	
	2010	15	2	1	73	0.01369863	
	2010	16	1	5	107	0.04672897	
	2010	16	2	1	100	0.01	
	2010	17	1	4	66	0.06060606	
	2010	17	2	4	78	0.05128205	
	2010	18	1	2	19	0.1052632	
	2010	18	2	2	23	0.08695652	
	2010	19	1	0	3	0	
	2010	19	2	0	5	0	
	2010	20	1	1	1	1	
	2011	1	1	0	1	0	
	2011	1	2	0	1	0	
	2011	2	2	0	1	0	
	2011	3	1	0	6	0	
	2011	3	2	0	2	0	
	2011	4	1	0	2	0	
	2011	4	2	0	2	0	
	2011	5	1	0	7	0	
	2011	5	2	0	4	0	
	2011	6	1	0	8	0	
	2011	6	2	0	5	0	
	2011	7	1	1	7	0.1428571	
	2011	7	2	0	4	0	
	2011	8	1	0	12	0	
	2011	8	2	0	3	0	
	2011	9	1	0	21	0	
	2011	9	2	0	3	0	
	2011	10	1	1	29	0.03448276	
	2011	10	2	0	5	0	
	2011	11	1	0	44	0	
	2011	11	2	0	8	0	
	2011	12	1	0	45	0	
	2011	12	2	0	12	0	
	2011	13	1	1	79	0.01265823	
	2011	13	2	0	29	0	
	2011	14	1	0	94	0	
	2011	14	2	0	46	0	
	2011	15	1	2	78	0.02564103	
	2011	15	2	1	48	0.02083333	
	2011	16	1	5	91	0.05494505	
	2011	16	2	3	61	0.04918033	
	2011	17	1	1	54	0.01851852	
	2011	17	2	0	66	0	
	2011	18	1	1	10	0.1	
	2011	18	2	1	13	0.07692308	
	2012	2	1	0	2	0	
	2012	3	1	0	1	0	
	2012	3	2	0	2	0	
	2012	4	1	0	3	0	
	2012	5	1	0	6	0	
	2012	6	1	0	8	0	
	2012	7	1	0	2	0	
	2012	8	1	0	13	0	
	2012	8	2	0	2	0	
	2012	9	1	0	14	0	
	2012	9	2	0	2	0	
	2012	10	1	0	34	0	
	2012	10	2	0	7	0	
	2012	11	1	1	46	0.02173913	
	2012	11	2	0	9	0	
	2012	12	1	0	58	0	
	2012	12	2	0	17	0	
	2012	13	1	0	67	0	
	2012	13	2	0	21	0	
	2012	14	1	3	92	0.0326087	
	2012	14	2	0	44	0	
	2012	15	1	2	100	0.02	
	2012	15	2	3	70	0.04285714	
	2012	16	1	3	78	0.03846154	
	2012	16	2	3	76	0.03947368	
	2012	17	1	2	47	0.04255319	
	2012	17	2	2	53	0.03773585	
	2012	18	1	0	14	0	
	2012	18	2	0	11	0	
	2012	19	1	1	1	1	
	2012	19	2	0	1	0	
	2013	1	1	0	3	0	
	2013	1	2	0	1	0	
	2013	2	1	0	1	0	
	2013	3	1	0	4	0	
	2013	3	2	0	3	0	
	2013	4	1	0	2	0	
	2013	4	2	0	3	0	
	2013	5	1	0	2	0	
	2013	5	2	0	2	0	
	2013	6	1	0	2	0	
	2013	7	1	0	6	0	
	2013	7	2	0	1	0	
	2013	8	1	0	9	0	
	2013	8	2	0	4	0	
	2013	9	1	0	16	0	
	2013	9	2	0	3	0	
	2013	10	1	0	43	0	
	2013	10	2	0	7	0	
	2013	11	1	0	48	0	
	2013	11	2	0	10	0	
	2013	12	1	0	61	0	
	2013	12	2	0	16	0	
	2013	13	1	1	84	0.01190476	
	2013	13	2	0	27	0	
	2013	14	1	3	99	0.03030303	
	2013	14	2	0	57	0	
	2013	15	1	2	112	0.01785714	
	2013	15	2	0	73	0	
	2013	16	1	3	93	0.03225806	
	2013	16	2	4	87	0.04597701	
	2013	17	1	0	50	0	
	2013	17	2	2	42	0.04761905	
	2013	18	1	1	13	0.07692308	
	2013	18	2	1	11	0.09090909	
	2013	19	2	1	1	1	

