
	F.1.2.M Perkutane Stentimplantation in extrakranielle Gefässe, Mortalität // Implantation percutanée de stents dans des vaisseaux extra­crâniens, mortalité // Impianto percutaneo di stent in vasi extracranici, mortalità
	BAG/OFSP/UFSP - CH-IQI Version V4.0 - Daten 2013 - 27. Juli 2015

	Jahr	AltEGrp	Sex	DeathCH	CasesCH	pCH	
	2005	17	2	0	2	0	
	2006	7	2	0	1	0	
	2006	8	1	0	1	0	
	2006	9	1	1	1	1	
	2006	10	1	0	2	0	
	2006	11	1	0	5	0	
	2006	11	2	0	1	0	
	2006	12	1	1	11	0.09090909	
	2006	12	2	0	2	0	
	2006	13	1	1	19	0.05263158	
	2006	13	2	0	6	0	
	2006	14	1	1	22	0.04545455	
	2006	14	2	0	7	0	
	2006	15	1	0	23	0	
	2006	15	2	0	11	0	
	2006	16	1	0	25	0	
	2006	16	2	2	17	0.1176471	
	2006	17	1	0	5	0	
	2006	17	2	0	7	0	
	2006	18	1	0	5	0	
	2006	18	2	0	2	0	
	2006	20	2	0	1	0	
	2007	6	1	0	1	0	
	2007	6	2	0	1	0	
	2007	8	1	1	2	0.5	
	2007	8	2	0	1	0	
	2007	9	2	0	1	0	
	2007	10	1	0	4	0	
	2007	11	1	0	4	0	
	2007	11	2	0	2	0	
	2007	12	1	0	10	0	
	2007	12	2	0	5	0	
	2007	13	1	0	13	0	
	2007	13	2	0	5	0	
	2007	14	1	0	30	0	
	2007	14	2	0	10	0	
	2007	15	1	1	19	0.05263158	
	2007	15	2	0	4	0	
	2007	16	1	1	20	0.05	
	2007	16	2	0	7	0	
	2007	17	1	0	16	0	
	2007	17	2	0	6	0	
	2007	18	1	0	4	0	
	2007	18	2	0	2	0	
	2007	19	1	0	2	0	
	2008	4	1	0	1	0	
	2008	5	1	1	1	1	
	2008	7	1	0	1	0	
	2008	7	2	0	3	0	
	2008	8	1	0	2	0	
	2008	8	2	0	2	0	
	2008	9	2	0	2	0	
	2008	10	1	0	3	0	
	2008	10	2	0	3	0	
	2008	11	1	0	11	0	
	2008	11	2	0	7	0	
	2008	12	1	0	14	0	
	2008	12	2	0	6	0	
	2008	13	1	1	21	0.04761905	
	2008	13	2	0	5	0	
	2008	14	1	0	39	0	
	2008	14	2	0	13	0	
	2008	15	1	3	24	0.125	
	2008	15	2	0	8	0	
	2008	16	1	0	35	0	
	2008	16	2	2	15	0.1333333	
	2008	17	1	0	23	0	
	2008	17	2	0	7	0	
	2008	18	1	0	5	0	
	2008	18	2	0	4	0	
	2009	5	1	0	1	0	
	2009	6	1	0	1	0	
	2009	7	1	0	1	0	
	2009	7	2	0	1	0	
	2009	8	1	0	3	0	
	2009	8	2	0	2	0	
	2009	9	1	0	2	0	
	2009	9	2	0	3	0	
	2009	10	1	0	6	0	
	2009	10	2	0	9	0	
	2009	11	1	1	13	0.07692308	
	2009	11	2	0	4	0	
	2009	12	1	0	16	0	
	2009	12	2	1	11	0.09090909	
	2009	13	1	2	29	0.06896552	
	2009	13	2	0	5	0	
	2009	14	1	0	31	0	
	2009	14	2	0	9	0	
	2009	15	1	0	24	0	
	2009	15	2	0	13	0	
	2009	16	1	1	28	0.03571429	
	2009	16	2	0	13	0	
	2009	17	1	0	9	0	
	2009	17	2	0	10	0	
	2009	18	1	0	4	0	
	2009	18	2	0	7	0	
	2009	19	1	0	1	0	
	2010	4	1	0	1	0	
	2010	7	2	0	2	0	
	2010	8	1	0	1	0	
	2010	9	1	0	3	0	
	2010	9	2	0	4	0	
	2010	10	1	0	6	0	
	2010	10	2	0	4	0	
	2010	11	1	1	17	0.05882353	
	2010	11	2	0	5	0	
	2010	12	1	2	17	0.1176471	
	2010	12	2	0	9	0	
	2010	13	1	4	32	0.125	
	2010	13	2	0	16	0	
	2010	14	1	0	17	0	
	2010	14	2	1	12	0.08333333	
	2010	15	1	1	34	0.02941176	
	2010	15	2	0	13	0	
	2010	16	1	0	29	0	
	2010	16	2	1	14	0.07142857	
	2010	17	1	2	22	0.09090909	
	2010	17	2	1	6	0.1666667	
	2010	18	1	0	3	0	
	2010	18	2	0	1	0	
	2011	5	1	0	1	0	
	2011	6	2	0	2	0	
	2011	7	2	0	1	0	
	2011	8	1	0	1	0	
	2011	8	2	0	3	0	
	2011	9	1	0	1	0	
	2011	10	1	0	5	0	
	2011	10	2	0	10	0	
	2011	11	1	2	11	0.1818182	
	2011	11	2	0	3	0	
	2011	12	1	1	15	0.06666667	
	2011	12	2	1	8	0.125	
	2011	13	1	2	32	0.0625	
	2011	13	2	0	11	0	
	2011	14	1	2	39	0.05128205	
	2011	14	2	2	16	0.125	
	2011	15	1	0	32	0	
	2011	15	2	0	13	0	
	2011	16	1	3	25	0.12	
	2011	16	2	0	16	0	
	2011	17	1	2	14	0.1428571	
	2011	17	2	0	10	0	
	2011	18	1	1	4	0.25	
	2011	18	2	0	5	0	
	2012	5	2	0	1	0	
	2012	6	1	0	1	0	
	2012	7	2	0	1	0	
	2012	8	1	0	1	0	
	2012	8	2	0	1	0	
	2012	9	1	0	3	0	
	2012	9	2	1	4	0.25	
	2012	10	1	0	10	0	
	2012	10	2	0	5	0	
	2012	11	1	0	8	0	
	2012	11	2	0	5	0	
	2012	12	1	0	17	0	
	2012	12	2	2	8	0.25	
	2012	13	1	0	41	0	
	2012	13	2	0	15	0	
	2012	14	1	2	27	0.07407407	
	2012	14	2	0	10	0	
	2012	15	1	0	46	0	
	2012	15	2	0	13	0	
	2012	16	1	1	31	0.03225806	
	2012	16	2	1	15	0.06666667	
	2012	17	1	0	15	0	
	2012	17	2	0	4	0	
	2012	18	1	0	2	0	
	2012	18	2	0	7	0	
	2012	19	1	0	1	0	
	2013	7	2	0	1	0	
	2013	8	1	0	2	0	
	2013	8	2	0	1	0	
	2013	10	1	0	10	0	
	2013	10	2	0	2	0	
	2013	11	1	0	9	0	
	2013	11	2	0	3	0	
	2013	12	1	2	22	0.09090909	
	2013	12	2	1	3	0.3333333	
	2013	13	1	2	37	0.05405405	
	2013	13	2	1	7	0.1428571	
	2013	14	1	2	44	0.04545455	
	2013	14	2	0	21	0	
	2013	15	1	0	40	0	
	2013	15	2	1	10	0.1	
	2013	16	1	2	34	0.05882353	
	2013	16	2	0	17	0	
	2013	17	1	1	12	0.08333333	
	2013	17	2	0	5	0	
	2013	18	1	2	9	0.2222222	
	2013	18	2	0	3	0	
	2013	19	2	0	1	0	

