
	E.4.7.M Kolorektale Resektionen bei Darmischämie, Mortalität // Résections colorectales pour ischémie intestinale, mortalité // Resezione colorettale in caso d’ischemia intestinale, mortalità
	BAG/OFSP/UFSP - CH-IQI Version V4.0 - Daten 2013 - 27. Juli 2015

	Jahr	AltEGrp	Sex	DeathCH	CasesCH	pCH	
	1998	10	2	0	1	0	
	1998	11	1	0	1	0	
	1998	12	1	0	2	0	
	1998	13	2	0	1	0	
	1998	14	1	0	2	0	
	1998	14	2	1	1	1	
	1998	15	1	1	5	0.2	
	1998	16	1	1	5	0.2	
	1998	16	2	1	4	0.25	
	1998	17	2	0	1	0	
	1998	18	1	2	2	1	
	1998	18	2	0	3	0	
	1998	19	2	0	1	0	
	1999	1	2	0	1	0	
	1999	9	1	1	1	1	
	1999	11	1	0	1	0	
	1999	11	2	0	3	0	
	1999	12	1	1	4	0.25	
	1999	12	2	1	1	1	
	1999	13	1	0	3	0	
	1999	13	2	0	1	0	
	1999	14	1	3	5	0.6	
	1999	14	2	1	2	0.5	
	1999	15	1	2	6	0.3333333	
	1999	15	2	2	5	0.4	
	1999	16	1	3	4	0.75	
	1999	16	2	1	2	0.5	
	1999	17	1	1	5	0.2	
	1999	17	2	0	1	0	
	1999	18	1	2	2	1	
	1999	18	2	1	6	0.1666667	
	1999	19	2	0	2	0	
	1999	20	1	1	1	1	
	2000	1	1	1	1	1	
	2000	6	1	0	1	0	
	2000	7	1	1	1	1	
	2000	7	2	0	1	0	
	2000	8	1	0	2	0	
	2000	10	2	0	1	0	
	2000	11	1	0	1	0	
	2000	11	2	0	1	0	
	2000	13	1	1	2	0.5	
	2000	13	2	0	2	0	
	2000	14	1	0	4	0	
	2000	14	2	1	6	0.1666667	
	2000	15	1	3	6	0.5	
	2000	15	2	2	5	0.4	
	2000	16	1	0	3	0	
	2000	16	2	3	8	0.375	
	2000	17	1	2	3	0.6666667	
	2000	17	2	7	11	0.6363636	
	2000	18	1	2	3	0.6666667	
	2000	18	2	1	5	0.2	
	2000	19	2	1	1	1	
	2001	5	1	0	1	0	
	2001	7	1	0	1	0	
	2001	7	2	0	1	0	
	2001	8	2	0	3	0	
	2001	9	1	0	1	0	
	2001	10	1	0	1	0	
	2001	10	2	0	1	0	
	2001	11	1	1	2	0.5	
	2001	11	2	1	1	1	
	2001	12	1	0	3	0	
	2001	12	2	0	2	0	
	2001	13	1	0	3	0	
	2001	13	2	0	5	0	
	2001	14	1	2	4	0.5	
	2001	14	2	1	6	0.1666667	
	2001	15	1	4	12	0.3333333	
	2001	15	2	3	12	0.25	
	2001	16	1	2	9	0.2222222	
	2001	16	2	4	13	0.3076923	
	2001	17	1	0	4	0	
	2001	17	2	2	7	0.2857143	
	2001	18	1	0	3	0	
	2001	18	2	0	10	0	
	2002	1	1	0	1	0	
	2002	1	2	0	1	0	
	2002	8	1	0	1	0	
	2002	10	2	0	1	0	
	2002	11	1	0	1	0	
	2002	11	2	1	2	0.5	
	2002	12	1	3	8	0.375	
	2002	12	2	1	5	0.2	
	2002	13	1	2	7	0.2857143	
	2002	13	2	0	4	0	
	2002	14	1	1	3	0.3333333	
	2002	14	2	0	2	0	
	2002	15	1	2	3	0.6666667	
	2002	15	2	3	10	0.3	
	2002	16	1	5	8	0.625	
	2002	16	2	6	13	0.4615385	
	2002	17	1	3	7	0.4285714	
	2002	17	2	1	8	0.125	
	2002	18	1	1	4	0.25	
	2002	18	2	2	4	0.5	
	2002	19	2	1	1	1	
	2003	5	2	0	1	0	
	2003	9	1	1	1	1	
	2003	9	2	0	1	0	
	2003	10	1	1	1	1	
	2003	10	2	0	4	0	
	2003	11	1	1	4	0.25	
	2003	11	2	0	1	0	
	2003	12	1	5	9	0.5555556	
	2003	12	2	1	4	0.25	
	2003	13	1	5	11	0.4545455	
	2003	13	2	0	3	0	
	2003	14	1	2	11	0.1818182	
	2003	14	2	2	8	0.25	
	2003	15	1	7	15	0.4666667	
	2003	15	2	2	7	0.2857143	
	2003	16	1	2	8	0.25	
	2003	16	2	4	11	0.3636364	
	2003	17	1	5	10	0.5	
	2003	17	2	8	18	0.4444444	
	2003	18	1	2	2	1	
	2003	18	2	1	5	0.2	
	2003	19	2	2	4	0.5	
	2004	1	1	1	2	0.5	
	2004	6	1	0	1	0	
	2004	7	1	0	3	0	
	2004	7	2	0	3	0	
	2004	9	1	0	1	0	
	2004	9	2	0	1	0	
	2004	10	1	0	2	0	
	2004	10	2	0	3	0	
	2004	11	1	0	1	0	
	2004	11	2	2	7	0.2857143	
	2004	12	1	1	5	0.2	
	2004	13	1	2	4	0.5	
	2004	13	2	2	5	0.4	
	2004	14	1	8	17	0.4705882	
	2004	14	2	4	9	0.4444444	
	2004	15	1	3	9	0.3333333	
	2004	15	2	7	15	0.4666667	
	2004	16	1	5	13	0.3846154	
	2004	16	2	5	15	0.3333333	
	2004	17	1	3	8	0.375	
	2004	17	2	5	16	0.3125	
	2004	18	1	1	4	0.25	
	2004	18	2	3	8	0.375	
	2004	19	1	1	2	0.5	
	2004	19	2	0	5	0	
	2004	20	2	2	2	1	
	2005	2	2	0	1	0	
	2005	5	2	0	1	0	
	2005	6	1	0	1	0	
	2005	7	2	1	1	1	
	2005	8	1	1	3	0.3333333	
	2005	8	2	0	1	0	
	2005	9	2	0	4	0	
	2005	10	1	0	4	0	
	2005	10	2	0	3	0	
	2005	11	1	2	4	0.5	
	2005	12	1	0	6	0	
	2005	12	2	1	4	0.25	
	2005	13	1	2	9	0.2222222	
	2005	13	2	0	8	0	
	2005	14	1	5	13	0.3846154	
	2005	14	2	4	8	0.5	
	2005	15	1	3	15	0.2	
	2005	15	2	3	9	0.3333333	
	2005	16	1	6	12	0.5	
	2005	16	2	2	11	0.1818182	
	2005	17	1	6	12	0.5	
	2005	17	2	3	5	0.6	
	2005	18	1	4	6	0.6666667	
	2005	18	2	7	12	0.5833333	
	2005	19	1	1	1	1	
	2005	19	2	0	2	0	
	2005	20	1	0	1	0	
	2006	1	2	0	1	0	
	2006	2	2	0	1	0	
	2006	3	2	0	1	0	
	2006	4	2	0	1	0	
	2006	5	1	0	1	0	
	2006	7	1	0	1	0	
	2006	7	2	0	1	0	
	2006	8	1	1	2	0.5	
	2006	8	2	0	1	0	
	2006	9	1	1	2	0.5	
	2006	9	2	1	1	1	
	2006	10	1	0	2	0	
	2006	10	2	1	1	1	
	2006	11	1	4	7	0.5714286	
	2006	11	2	0	1	0	
	2006	12	1	2	9	0.2222222	
	2006	12	2	4	10	0.4	
	2006	13	1	2	8	0.25	
	2006	13	2	0	3	0	
	2006	14	1	6	15	0.4	
	2006	14	2	2	8	0.25	
	2006	15	1	10	21	0.4761905	
	2006	15	2	5	11	0.4545455	
	2006	16	1	12	20	0.6	
	2006	16	2	9	18	0.5	
	2006	17	1	2	6	0.3333333	
	2006	17	2	8	17	0.4705882	
	2006	18	1	2	5	0.4	
	2006	18	2	3	6	0.5	
	2006	19	2	2	2	1	
	2006	20	2	0	1	0	
	2007	5	2	0	1	0	
	2007	6	1	0	2	0	
	2007	6	2	0	1	0	
	2007	8	1	0	3	0	
	2007	9	1	0	1	0	
	2007	9	2	2	3	0.6666667	
	2007	10	1	1	5	0.2	
	2007	10	2	0	3	0	
	2007	11	1	0	3	0	
	2007	11	2	0	2	0	
	2007	12	1	1	8	0.125	
	2007	12	2	0	5	0	
	2007	13	1	3	10	0.3	
	2007	13	2	0	8	0	
	2007	14	1	3	13	0.2307692	
	2007	14	2	6	16	0.375	
	2007	15	1	7	20	0.35	
	2007	15	2	2	13	0.1538462	
	2007	16	1	13	24	0.5416667	
	2007	16	2	5	16	0.3125	
	2007	17	1	7	10	0.7	
	2007	17	2	10	18	0.5555556	
	2007	18	1	4	8	0.5	
	2007	18	2	4	11	0.3636364	
	2007	19	1	1	2	0.5	
	2007	19	2	4	8	0.5	
	2008	2	2	0	1	0	
	2008	3	2	0	1	0	
	2008	4	2	0	1	0	
	2008	5	2	0	1	0	
	2008	6	1	0	1	0	
	2008	6	2	0	1	0	
	2008	7	1	0	1	0	
	2008	8	1	0	1	0	
	2008	8	2	0	2	0	
	2008	9	1	0	2	0	
	2008	9	2	0	2	0	
	2008	10	1	1	5	0.2	
	2008	11	1	0	5	0	
	2008	11	2	1	5	0.2	
	2008	12	1	4	9	0.4444444	
	2008	12	2	0	3	0	
	2008	13	1	4	20	0.2	
	2008	13	2	4	9	0.4444444	
	2008	14	1	4	15	0.2666667	
	2008	14	2	1	10	0.1	
	2008	15	1	7	16	0.4375	
	2008	15	2	3	10	0.3	
	2008	16	1	7	17	0.4117647	
	2008	16	2	9	26	0.3461538	
	2008	17	1	3	9	0.3333333	
	2008	17	2	8	29	0.2758621	
	2008	18	1	4	7	0.5714286	
	2008	18	2	0	5	0	
	2008	19	1	0	2	0	
	2008	19	2	1	2	0.5	
	2008	20	2	1	1	1	
	2009	3	1	1	1	1	
	2009	7	1	0	1	0	
	2009	7	2	0	1	0	
	2009	8	1	0	1	0	
	2009	8	2	0	1	0	
	2009	9	2	0	2	0	
	2009	10	1	1	3	0.3333333	
	2009	10	2	0	1	0	
	2009	11	1	1	6	0.1666667	
	2009	11	2	0	5	0	
	2009	12	1	3	6	0.5	
	2009	12	2	1	5	0.2	
	2009	13	1	6	10	0.6	
	2009	13	2	2	7	0.2857143	
	2009	14	1	7	20	0.35	
	2009	14	2	4	11	0.3636364	
	2009	15	1	5	14	0.3571429	
	2009	15	2	7	27	0.2592593	
	2009	16	1	8	14	0.5714286	
	2009	16	2	8	21	0.3809524	
	2009	17	1	5	14	0.3571429	
	2009	17	2	7	16	0.4375	
	2009	18	1	3	8	0.375	
	2009	18	2	3	9	0.3333333	
	2009	19	1	1	2	0.5	
	2009	19	2	1	2	0.5	
	2010	1	2	1	1	1	
	2010	7	1	0	1	0	
	2010	8	1	1	1	1	
	2010	9	1	0	2	0	
	2010	9	2	0	3	0	
	2010	10	1	0	1	0	
	2010	10	2	1	2	0.5	
	2010	11	1	1	6	0.1666667	
	2010	11	2	2	3	0.6666667	
	2010	12	1	0	2	0	
	2010	12	2	3	8	0.375	
	2010	13	1	6	16	0.375	
	2010	13	2	3	10	0.3	
	2010	14	1	8	27	0.2962963	
	2010	14	2	10	14	0.7142857	
	2010	15	1	7	16	0.4375	
	2010	15	2	6	16	0.375	
	2010	16	1	7	21	0.3333333	
	2010	16	2	5	17	0.2941176	
	2010	17	1	7	12	0.5833333	
	2010	17	2	6	14	0.4285714	
	2010	18	1	3	6	0.5	
	2010	18	2	2	6	0.3333333	
	2010	19	1	0	1	0	
	2010	19	2	0	3	0	
	2010	20	1	0	2	0	
	2010	20	2	1	1	1	
	2011	1	1	0	2	0	
	2011	1	2	0	1	0	
	2011	2	2	0	1	0	
	2011	6	1	0	2	0	
	2011	6	2	0	1	0	
	2011	7	2	0	1	0	
	2011	8	2	0	1	0	
	2011	9	1	1	1	1	
	2011	9	2	0	2	0	
	2011	10	1	2	4	0.5	
	2011	10	2	0	1	0	
	2011	11	1	2	5	0.4	
	2011	11	2	0	2	0	
	2011	12	1	2	8	0.25	
	2011	12	2	1	9	0.1111111	
	2011	13	1	12	26	0.4615385	
	2011	13	2	4	9	0.4444444	
	2011	14	1	5	15	0.3333333	
	2011	14	2	3	12	0.25	
	2011	15	1	8	27	0.2962963	
	2011	15	2	8	12	0.6666667	
	2011	16	1	10	19	0.5263158	
	2011	16	2	15	27	0.5555556	
	2011	17	1	7	14	0.5	
	2011	17	2	9	16	0.5625	
	2011	18	1	4	11	0.3636364	
	2011	18	2	6	12	0.5	
	2011	19	2	1	3	0.3333333	
	2012	4	1	0	3	0	
	2012	5	1	0	2	0	
	2012	6	1	1	2	0.5	
	2012	6	2	0	1	0	
	2012	7	1	1	4	0.25	
	2012	7	2	0	1	0	
	2012	8	2	0	1	0	
	2012	9	1	0	2	0	
	2012	9	2	1	3	0.3333333	
	2012	10	1	0	1	0	
	2012	10	2	0	2	0	
	2012	11	1	1	7	0.1428571	
	2012	11	2	0	5	0	
	2012	12	1	1	9	0.1111111	
	2012	12	2	2	6	0.3333333	
	2012	13	1	3	22	0.1363636	
	2012	13	2	5	13	0.3846154	
	2012	14	1	7	26	0.2692308	
	2012	14	2	5	17	0.2941176	
	2012	15	1	15	26	0.5769231	
	2012	15	2	10	25	0.4	
	2012	16	1	14	23	0.6086957	
	2012	16	2	14	26	0.5384615	
	2012	17	1	8	25	0.32	
	2012	17	2	5	14	0.3571429	
	2012	18	1	0	1	0	
	2012	18	2	7	15	0.4666667	
	2012	19	1	3	5	0.6	
	2012	19	2	1	2	0.5	
	2012	20	1	1	1	1	
	2012	20	2	1	1	1	
	2013	1	1	0	2	0	
	2013	1	2	0	1	0	
	2013	3	1	0	1	0	
	2013	4	1	0	1	0	
	2013	5	2	0	1	0	
	2013	6	2	0	3	0	
	2013	7	1	1	2	0.5	
	2013	8	2	0	2	0	
	2013	9	1	1	1	1	
	2013	9	2	3	6	0.5	
	2013	10	1	1	8	0.125	
	2013	10	2	0	2	0	
	2013	11	1	3	8	0.375	
	2013	11	2	2	9	0.2222222	
	2013	12	1	4	15	0.2666667	
	2013	12	2	4	9	0.4444444	
	2013	13	1	7	14	0.5	
	2013	13	2	3	11	0.2727273	
	2013	14	1	9	29	0.3103448	
	2013	14	2	5	14	0.3571429	
	2013	15	1	12	22	0.5454545	
	2013	15	2	9	21	0.4285714	
	2013	16	1	14	26	0.5384615	
	2013	16	2	9	24	0.375	
	2013	17	1	13	28	0.4642857	
	2013	17	2	10	25	0.4	
	2013	18	1	3	8	0.375	
	2013	18	2	5	13	0.3846154	
	2013	19	1	2	4	0.5	
	2013	19	2	1	4	0.25	
	2013	20	1	0	1	0	

