
	E.4.2.M Kolonresektionen bei kolorektalem Karzinom ohne komplizierende Diagnose, Mortalität // Résections du côlon pour cancer colorectal sans diagnostic compliquant, mortalité // Resezioni del colon per carcinoma colorettale senza diagnosi complicante, mortalità
	BAG/OFSP/UFSP - CH-IQI Version V4.0 - Daten 2013 - 27. Juli 2015

	Jahr	AltEGrp	Sex	DeathCH	CasesCH	pCH	
	1998	1	1	0	1	0	
	1998	5	1	0	2	0	
	1998	5	2	0	1	0	
	1998	6	2	0	1	0	
	1998	7	1	0	2	0	
	1998	7	2	0	6	0	
	1998	8	1	0	4	0	
	1998	8	2	0	8	0	
	1998	9	1	1	10	0.1	
	1998	9	2	1	14	0.07142857	
	1998	10	1	1	19	0.05263158	
	1998	10	2	0	11	0	
	1998	11	1	0	22	0	
	1998	11	2	0	35	0	
	1998	12	1	1	52	0.01923077	
	1998	12	2	0	37	0	
	1998	13	1	1	75	0.01333333	
	1998	13	2	2	41	0.04878049	
	1998	14	1	1	93	0.01075269	
	1998	14	2	1	74	0.01351351	
	1998	15	1	3	108	0.02777778	
	1998	15	2	2	69	0.02898551	
	1998	16	1	7	104	0.06730769	
	1998	16	2	2	95	0.02105263	
	1998	17	1	3	57	0.05263158	
	1998	17	2	1	65	0.01538462	
	1998	18	1	3	40	0.075	
	1998	18	2	2	59	0.03389831	
	1998	19	1	2	9	0.2222222	
	1998	19	2	0	9	0	
	1998	20	2	0	2	0	
	1999	5	2	0	2	0	
	1999	6	2	0	2	0	
	1999	7	1	0	3	0	
	1999	7	2	0	6	0	
	1999	8	1	0	9	0	
	1999	8	2	0	6	0	
	1999	9	1	0	11	0	
	1999	9	2	0	16	0	
	1999	10	1	0	16	0	
	1999	10	2	0	10	0	
	1999	11	1	0	34	0	
	1999	11	2	0	34	0	
	1999	12	1	1	62	0.01612903	
	1999	12	2	0	37	0	
	1999	13	1	1	90	0.01111111	
	1999	13	2	1	51	0.01960784	
	1999	14	1	3	118	0.02542373	
	1999	14	2	0	83	0	
	1999	15	1	2	119	0.01680672	
	1999	15	2	4	114	0.03508772	
	1999	16	1	4	152	0.02631579	
	1999	16	2	4	112	0.03571429	
	1999	17	1	4	88	0.04545455	
	1999	17	2	6	96	0.0625	
	1999	18	1	6	33	0.1818182	
	1999	18	2	5	65	0.07692308	
	1999	19	1	2	11	0.1818182	
	1999	19	2	0	12	0	
	2000	1	1	0	1	0	
	2000	4	1	0	1	0	
	2000	4	2	0	3	0	
	2000	6	1	0	4	0	
	2000	6	2	0	3	0	
	2000	7	1	0	2	0	
	2000	7	2	0	5	0	
	2000	8	1	0	10	0	
	2000	8	2	0	5	0	
	2000	9	1	1	7	0.1428571	
	2000	9	2	0	11	0	
	2000	10	1	1	23	0.04347826	
	2000	10	2	1	23	0.04347826	
	2000	11	1	1	47	0.0212766	
	2000	11	2	0	52	0	
	2000	12	1	2	77	0.02597403	
	2000	12	2	0	49	0	
	2000	13	1	3	85	0.03529412	
	2000	13	2	2	66	0.03030303	
	2000	14	1	4	113	0.03539823	
	2000	14	2	2	98	0.02040816	
	2000	15	1	8	143	0.05594406	
	2000	15	2	0	87	0	
	2000	16	1	8	138	0.05797101	
	2000	16	2	6	125	0.048	
	2000	17	1	7	89	0.07865169	
	2000	17	2	3	92	0.0326087	
	2000	18	1	3	38	0.07894737	
	2000	18	2	6	58	0.1034483	
	2000	19	1	1	11	0.09090909	
	2000	19	2	0	17	0	
	2000	20	1	0	1	0	
	2000	20	2	0	2	0	
	2001	4	2	0	2	0	
	2001	5	1	0	2	0	
	2001	5	2	0	2	0	
	2001	6	1	0	1	0	
	2001	6	2	0	2	0	
	2001	7	1	0	2	0	
	2001	7	2	0	6	0	
	2001	8	1	0	10	0	
	2001	8	2	0	6	0	
	2001	9	1	0	15	0	
	2001	9	2	0	13	0	
	2001	10	1	0	31	0	
	2001	10	2	1	27	0.03703704	
	2001	11	1	0	56	0	
	2001	11	2	0	38	0	
	2001	12	1	0	75	0	
	2001	12	2	1	55	0.01818182	
	2001	13	1	1	102	0.009803922	
	2001	13	2	0	60	0	
	2001	14	1	1	146	0.006849315	
	2001	14	2	2	96	0.02083333	
	2001	15	1	5	168	0.0297619	
	2001	15	2	3	132	0.02272727	
	2001	16	1	11	157	0.07006369	
	2001	16	2	4	151	0.02649007	
	2001	17	1	10	105	0.0952381	
	2001	17	2	7	114	0.06140351	
	2001	18	1	4	40	0.1	
	2001	18	2	4	81	0.04938272	
	2001	19	1	1	2	0.5	
	2001	19	2	4	32	0.125	
	2001	20	1	0	1	0	
	2001	20	2	0	1	0	
	2002	5	1	0	3	0	
	2002	5	2	0	1	0	
	2002	6	1	0	3	0	
	2002	6	2	0	3	0	
	2002	7	2	0	3	0	
	2002	8	1	0	11	0	
	2002	8	2	0	11	0	
	2002	9	1	0	8	0	
	2002	9	2	0	14	0	
	2002	10	1	0	28	0	
	2002	10	2	2	34	0.05882353	
	2002	11	1	0	49	0	
	2002	11	2	1	39	0.02564103	
	2002	12	1	3	91	0.03296703	
	2002	12	2	0	64	0	
	2002	13	1	3	107	0.02803738	
	2002	13	2	3	98	0.03061224	
	2002	14	1	2	151	0.01324503	
	2002	14	2	1	101	0.00990099	
	2002	15	1	4	145	0.02758621	
	2002	15	2	10	143	0.06993007	
	2002	16	1	6	155	0.03870968	
	2002	16	2	7	142	0.04929577	
	2002	17	1	3	125	0.024	
	2002	17	2	7	132	0.0530303	
	2002	18	1	5	55	0.09090909	
	2002	18	2	5	76	0.06578947	
	2002	19	1	2	17	0.1176471	
	2002	19	2	4	16	0.25	
	2002	20	2	0	5	0	
	2003	4	1	0	2	0	
	2003	4	2	0	2	0	
	2003	5	1	0	1	0	
	2003	5	2	0	2	0	
	2003	6	1	0	1	0	
	2003	6	2	0	1	0	
	2003	7	1	0	3	0	
	2003	7	2	0	3	0	
	2003	8	1	0	8	0	
	2003	8	2	0	2	0	
	2003	9	1	0	15	0	
	2003	9	2	0	18	0	
	2003	10	1	0	28	0	
	2003	10	2	0	26	0	
	2003	11	1	1	44	0.02272727	
	2003	11	2	0	51	0	
	2003	12	1	0	106	0	
	2003	12	2	1	52	0.01923077	
	2003	13	1	0	110	0	
	2003	13	2	3	73	0.04109589	
	2003	14	1	0	141	0	
	2003	14	2	2	108	0.01851852	
	2003	15	1	7	177	0.03954802	
	2003	15	2	5	134	0.03731343	
	2003	16	1	12	186	0.06451613	
	2003	16	2	14	160	0.0875	
	2003	17	1	5	116	0.04310345	
	2003	17	2	8	116	0.06896552	
	2003	18	1	3	47	0.06382979	
	2003	18	2	9	84	0.1071429	
	2003	19	1	1	17	0.05882353	
	2003	19	2	2	31	0.06451613	
	2003	20	1	0	1	0	
	2003	20	2	0	6	0	
	2004	4	2	0	2	0	
	2004	5	2	0	1	0	
	2004	6	1	0	2	0	
	2004	7	1	0	6	0	
	2004	7	2	0	5	0	
	2004	8	1	0	8	0	
	2004	8	2	0	7	0	
	2004	9	1	0	18	0	
	2004	9	2	0	17	0	
	2004	10	1	1	29	0.03448276	
	2004	10	2	0	33	0	
	2004	11	1	1	42	0.02380952	
	2004	11	2	1	28	0.03571429	
	2004	12	1	2	79	0.02531646	
	2004	12	2	2	76	0.02631579	
	2004	13	1	2	128	0.015625	
	2004	13	2	0	80	0	
	2004	14	1	2	129	0.01550388	
	2004	14	2	1	99	0.01010101	
	2004	15	1	1	148	0.006756757	
	2004	15	2	4	135	0.02962963	
	2004	16	1	10	156	0.06410256	
	2004	16	2	4	156	0.02564103	
	2004	17	1	16	140	0.1142857	
	2004	17	2	8	169	0.04733728	
	2004	18	1	3	56	0.05357143	
	2004	18	2	5	76	0.06578947	
	2004	19	1	3	15	0.2	
	2004	19	2	2	20	0.1	
	2004	20	2	2	3	0.6666667	
	2005	6	1	0	2	0	
	2005	6	2	0	3	0	
	2005	7	1	0	8	0	
	2005	7	2	0	4	0	
	2005	8	1	0	15	0	
	2005	8	2	0	8	0	
	2005	9	1	0	20	0	
	2005	9	2	0	20	0	
	2005	10	1	0	24	0	
	2005	10	2	0	30	0	
	2005	11	1	1	38	0.02631579	
	2005	11	2	0	36	0	
	2005	12	1	1	93	0.01075269	
	2005	12	2	1	72	0.01388889	
	2005	13	1	0	109	0	
	2005	13	2	0	90	0	
	2005	14	1	4	147	0.02721088	
	2005	14	2	0	99	0	
	2005	15	1	9	169	0.05325444	
	2005	15	2	3	133	0.02255639	
	2005	16	1	7	154	0.04545455	
	2005	16	2	3	167	0.01796407	
	2005	17	1	6	129	0.04651163	
	2005	17	2	9	144	0.0625	
	2005	18	1	5	67	0.07462687	
	2005	18	2	8	76	0.1052632	
	2005	19	1	3	14	0.2142857	
	2005	19	2	2	21	0.0952381	
	2005	20	1	0	3	0	
	2005	20	2	1	6	0.1666667	
	2006	4	2	0	1	0	
	2006	5	1	0	1	0	
	2006	6	1	0	3	0	
	2006	7	1	0	3	0	
	2006	7	2	0	2	0	
	2006	8	1	0	12	0	
	2006	8	2	0	8	0	
	2006	9	1	0	12	0	
	2006	9	2	0	13	0	
	2006	10	1	0	23	0	
	2006	10	2	0	24	0	
	2006	11	1	0	56	0	
	2006	11	2	1	42	0.02380952	
	2006	12	1	2	79	0.02531646	
	2006	12	2	1	79	0.01265823	
	2006	13	1	2	136	0.01470588	
	2006	13	2	0	89	0	
	2006	14	1	2	148	0.01351351	
	2006	14	2	1	86	0.01162791	
	2006	15	1	6	138	0.04347826	
	2006	15	2	2	113	0.01769912	
	2006	16	1	10	160	0.0625	
	2006	16	2	3	155	0.01935484	
	2006	17	1	6	117	0.05128205	
	2006	17	2	6	155	0.03870968	
	2006	18	1	5	55	0.09090909	
	2006	18	2	5	102	0.04901961	
	2006	19	1	3	13	0.2307692	
	2006	19	2	5	17	0.2941176	
	2006	20	1	0	1	0	
	2006	20	2	0	3	0	
	2007	4	1	0	2	0	
	2007	4	2	0	1	0	
	2007	5	1	0	3	0	
	2007	6	1	0	1	0	
	2007	6	2	0	1	0	
	2007	7	1	0	6	0	
	2007	7	2	0	1	0	
	2007	8	1	0	8	0	
	2007	8	2	0	11	0	
	2007	9	1	1	21	0.04761905	
	2007	9	2	0	24	0	
	2007	10	1	0	27	0	
	2007	10	2	1	25	0.04	
	2007	11	1	0	48	0	
	2007	11	2	1	57	0.01754386	
	2007	12	1	1	91	0.01098901	
	2007	12	2	0	57	0	
	2007	13	1	0	145	0	
	2007	13	2	0	79	0	
	2007	14	1	2	179	0.01117318	
	2007	14	2	2	94	0.0212766	
	2007	15	1	5	175	0.02857143	
	2007	15	2	2	151	0.01324503	
	2007	16	1	12	183	0.06557377	
	2007	16	2	5	152	0.03289474	
	2007	17	1	10	152	0.06578947	
	2007	17	2	7	163	0.04294479	
	2007	18	1	14	75	0.1866667	
	2007	18	2	5	80	0.0625	
	2007	19	1	2	12	0.1666667	
	2007	19	2	1	14	0.07142857	
	2007	20	2	1	4	0.25	
	2008	4	2	0	2	0	
	2008	5	1	0	2	0	
	2008	5	2	0	3	0	
	2008	6	1	0	2	0	
	2008	6	2	0	6	0	
	2008	7	1	0	3	0	
	2008	7	2	0	5	0	
	2008	8	1	0	4	0	
	2008	8	2	0	10	0	
	2008	9	1	0	25	0	
	2008	9	2	0	21	0	
	2008	10	1	0	31	0	
	2008	10	2	0	26	0	
	2008	11	1	2	59	0.03389831	
	2008	11	2	0	31	0	
	2008	12	1	1	88	0.01136364	
	2008	12	2	2	58	0.03448276	
	2008	13	1	1	135	0.007407407	
	2008	13	2	1	103	0.009708738	
	2008	14	1	5	152	0.03289474	
	2008	14	2	1	101	0.00990099	
	2008	15	1	9	170	0.05294118	
	2008	15	2	3	118	0.02542373	
	2008	16	1	6	196	0.03061224	
	2008	16	2	8	162	0.04938272	
	2008	17	1	14	146	0.09589041	
	2008	17	2	3	146	0.02054795	
	2008	18	1	15	74	0.2027027	
	2008	18	2	4	97	0.04123711	
	2008	19	1	3	14	0.2142857	
	2008	19	2	0	22	0	
	2008	20	1	1	3	0.3333333	
	2008	20	2	0	1	0	
	2009	4	2	0	2	0	
	2009	5	1	0	3	0	
	2009	5	2	0	3	0	
	2009	6	1	0	3	0	
	2009	6	2	0	2	0	
	2009	7	1	0	2	0	
	2009	7	2	0	5	0	
	2009	8	1	0	9	0	
	2009	8	2	0	8	0	
	2009	9	1	0	14	0	
	2009	9	2	0	20	0	
	2009	10	1	0	30	0	
	2009	10	2	0	26	0	
	2009	11	1	0	59	0	
	2009	11	2	1	55	0.01818182	
	2009	12	1	1	82	0.01219512	
	2009	12	2	1	75	0.01333333	
	2009	13	1	1	134	0.007462687	
	2009	13	2	0	87	0	
	2009	14	1	5	161	0.0310559	
	2009	14	2	0	111	0	
	2009	15	1	6	186	0.03225806	
	2009	15	2	3	143	0.02097902	
	2009	16	1	10	196	0.05102041	
	2009	16	2	9	176	0.05113636	
	2009	17	1	16	132	0.1212121	
	2009	17	2	7	155	0.04516129	
	2009	18	1	13	70	0.1857143	
	2009	18	2	9	101	0.08910891	
	2009	19	1	2	15	0.1333333	
	2009	19	2	2	15	0.1333333	
	2009	20	1	0	3	0	
	2009	20	2	0	4	0	
	2010	3	2	0	1	0	
	2010	5	2	0	1	0	
	2010	6	2	0	1	0	
	2010	7	1	0	7	0	
	2010	7	2	0	1	0	
	2010	8	1	0	8	0	
	2010	8	2	0	4	0	
	2010	9	1	0	20	0	
	2010	9	2	0	12	0	
	2010	10	1	2	35	0.05714286	
	2010	10	2	1	34	0.02941176	
	2010	11	1	0	55	0	
	2010	11	2	0	41	0	
	2010	12	1	0	74	0	
	2010	12	2	2	50	0.04	
	2010	13	1	1	129	0.007751938	
	2010	13	2	3	102	0.02941176	
	2010	14	1	1	153	0.006535948	
	2010	14	2	2	123	0.01626016	
	2010	15	1	6	183	0.03278689	
	2010	15	2	2	138	0.01449275	
	2010	16	1	16	199	0.08040201	
	2010	16	2	6	144	0.04166667	
	2010	17	1	10	154	0.06493506	
	2010	17	2	6	155	0.03870968	
	2010	18	1	6	65	0.09230769	
	2010	18	2	9	79	0.1139241	
	2010	19	1	2	9	0.2222222	
	2010	19	2	3	29	0.1034483	
	2010	20	1	0	1	0	
	2010	20	2	1	2	0.5	
	2011	3	2	0	1	0	
	2011	4	1	0	1	0	
	2011	4	2	0	1	0	
	2011	5	1	0	3	0	
	2011	5	2	0	2	0	
	2011	6	1	0	6	0	
	2011	6	2	0	3	0	
	2011	7	1	0	7	0	
	2011	7	2	0	4	0	
	2011	8	1	0	5	0	
	2011	8	2	0	6	0	
	2011	9	1	0	23	0	
	2011	9	2	0	17	0	
	2011	10	1	0	32	0	
	2011	10	2	0	33	0	
	2011	11	1	1	49	0.02040816	
	2011	11	2	1	57	0.01754386	
	2011	12	1	1	79	0.01265823	
	2011	12	2	0	65	0	
	2011	13	1	1	129	0.007751938	
	2011	13	2	1	90	0.01111111	
	2011	14	1	5	172	0.02906977	
	2011	14	2	3	154	0.01948052	
	2011	15	1	9	173	0.05202312	
	2011	15	2	0	124	0	
	2011	16	1	5	169	0.0295858	
	2011	16	2	6	163	0.03680982	
	2011	17	1	11	127	0.08661417	
	2011	17	2	9	166	0.05421687	
	2011	18	1	5	85	0.05882353	
	2011	18	2	8	90	0.08888889	
	2011	19	1	0	16	0	
	2011	19	2	3	25	0.12	
	2011	20	1	0	1	0	
	2011	20	2	1	5	0.2	
	2012	4	1	0	1	0	
	2012	4	2	0	1	0	
	2012	5	1	0	2	0	
	2012	5	2	0	3	0	
	2012	6	1	0	3	0	
	2012	6	2	0	5	0	
	2012	7	1	0	2	0	
	2012	7	2	0	1	0	
	2012	8	1	0	7	0	
	2012	8	2	0	12	0	
	2012	9	1	0	15	0	
	2012	9	2	0	17	0	
	2012	10	1	0	28	0	
	2012	10	2	0	32	0	
	2012	11	1	0	52	0	
	2012	11	2	0	46	0	
	2012	12	1	0	96	0	
	2012	12	2	1	60	0.01666667	
	2012	13	1	3	118	0.02542373	
	2012	13	2	2	78	0.02564103	
	2012	14	1	2	142	0.01408451	
	2012	14	2	1	111	0.009009009	
	2012	15	1	8	168	0.04761905	
	2012	15	2	3	118	0.02542373	
	2012	16	1	13	175	0.07428571	
	2012	16	2	2	137	0.01459854	
	2012	17	1	11	138	0.07971014	
	2012	17	2	6	137	0.04379562	
	2012	18	1	8	67	0.119403	
	2012	18	2	6	97	0.06185567	
	2012	19	1	1	15	0.06666667	
	2012	19	2	4	25	0.16	
	2012	20	1	1	3	0.3333333	
	2012	20	2	1	1	1	
	2013	3	2	0	1	0	
	2013	4	1	0	2	0	
	2013	5	1	0	2	0	
	2013	6	1	0	3	0	
	2013	6	2	0	2	0	
	2013	7	1	0	4	0	
	2013	7	2	0	3	0	
	2013	8	1	0	10	0	
	2013	8	2	0	5	0	
	2013	9	1	1	17	0.05882353	
	2013	9	2	1	22	0.04545455	
	2013	10	1	0	40	0	
	2013	10	2	0	31	0	
	2013	11	1	1	47	0.0212766	
	2013	11	2	0	45	0	
	2013	12	1	0	95	0	
	2013	12	2	3	67	0.04477612	
	2013	13	1	2	124	0.01612903	
	2013	13	2	2	78	0.02564103	
	2013	14	1	2	181	0.01104972	
	2013	14	2	2	121	0.01652893	
	2013	15	1	3	151	0.01986755	
	2013	15	2	3	110	0.02727273	
	2013	16	1	7	162	0.04320988	
	2013	16	2	5	146	0.03424658	
	2013	17	1	9	121	0.07438017	
	2013	17	2	8	137	0.05839416	
	2013	18	1	9	51	0.1764706	
	2013	18	2	5	82	0.06097561	
	2013	19	1	4	16	0.25	
	2013	19	2	2	32	0.0625	
	2013	20	1	0	1	0	
	2013	20	2	0	1	0	

