
	I.3.1.M Schenkelhalsfraktur (Alter >19), Mortalität // Fractures du col du fémur (âge >19), mortalité // Frattura del collo del femore (età >19), mortalità
	BAG/OFSP/UFSP - CH-IQI Version V4.0 - Daten 2013 - 27. Juli 2015

	Jahr	AltEGrp	Sex	DeathCH	CasesCH	pCH	
	1998	5	1	0	1	0	
	1998	6	1	0	5	0	
	1998	6	2	0	2	0	
	1998	7	1	0	17	0	
	1998	7	2	0	10	0	
	1998	8	1	0	16	0	
	1998	8	2	0	3	0	
	1998	9	1	1	24	0.04166667	
	1998	9	2	0	6	0	
	1998	10	1	0	32	0	
	1998	10	2	0	22	0	
	1998	11	1	0	48	0	
	1998	11	2	0	36	0	
	1998	12	1	0	38	0	
	1998	12	2	1	55	0.01818182	
	1998	13	1	0	37	0	
	1998	13	2	0	56	0	
	1998	14	1	1	63	0.01587302	
	1998	14	2	1	107	0.009345794	
	1998	15	1	2	61	0.03278689	
	1998	15	2	0	232	0	
	1998	16	1	6	110	0.05454545	
	1998	16	2	8	354	0.02259887	
	1998	17	1	11	128	0.0859375	
	1998	17	2	8	470	0.01702128	
	1998	18	1	10	126	0.07936508	
	1998	18	2	26	557	0.04667864	
	1998	19	1	8	79	0.1012658	
	1998	19	2	20	295	0.06779661	
	1998	20	1	1	15	0.06666667	
	1998	20	2	6	66	0.09090909	
	1999	5	1	0	7	0	
	1999	6	1	0	7	0	
	1999	6	2	0	1	0	
	1999	7	1	0	13	0	
	1999	7	2	0	1	0	
	1999	8	1	0	20	0	
	1999	8	2	0	6	0	
	1999	9	1	0	26	0	
	1999	9	2	0	14	0	
	1999	10	1	0	32	0	
	1999	10	2	0	14	0	
	1999	11	1	0	47	0	
	1999	11	2	1	45	0.02222222	
	1999	12	1	1	31	0.03225806	
	1999	12	2	0	50	0	
	1999	13	1	0	64	0	
	1999	13	2	1	69	0.01449275	
	1999	14	1	0	69	0	
	1999	14	2	1	151	0.006622517	
	1999	15	1	3	106	0.02830189	
	1999	15	2	7	281	0.02491103	
	1999	16	1	5	142	0.03521127	
	1999	16	2	16	540	0.02962963	
	1999	17	1	11	138	0.07971014	
	1999	17	2	13	614	0.02117264	
	1999	18	1	18	193	0.09326425	
	1999	18	2	36	707	0.05091938	
	1999	19	1	6	80	0.075	
	1999	19	2	28	377	0.07427056	
	1999	20	1	4	19	0.2105263	
	1999	20	2	3	92	0.0326087	
	2000	5	1	0	5	0	
	2000	5	2	0	2	0	
	2000	6	1	0	6	0	
	2000	6	2	0	3	0	
	2000	7	1	0	17	0	
	2000	7	2	0	7	0	
	2000	8	1	1	32	0.03125	
	2000	8	2	0	8	0	
	2000	9	1	0	35	0	
	2000	9	2	0	12	0	
	2000	10	1	0	40	0	
	2000	10	2	0	18	0	
	2000	11	1	0	37	0	
	2000	11	2	0	39	0	
	2000	12	1	1	71	0.01408451	
	2000	12	2	0	74	0	
	2000	13	1	0	59	0	
	2000	13	2	1	90	0.01111111	
	2000	14	1	3	86	0.03488372	
	2000	14	2	0	163	0	
	2000	15	1	4	85	0.04705882	
	2000	15	2	3	270	0.01111111	
	2000	16	1	10	144	0.06944444	
	2000	16	2	5	483	0.01035197	
	2000	17	1	8	162	0.04938272	
	2000	17	2	17	603	0.02819237	
	2000	18	1	12	183	0.06557377	
	2000	18	2	30	711	0.04219409	
	2000	19	1	17	84	0.202381	
	2000	19	2	23	391	0.05882353	
	2000	20	1	5	27	0.1851852	
	2000	20	2	10	108	0.09259259	
	2001	5	1	0	13	0	
	2001	5	2	0	1	0	
	2001	6	1	0	8	0	
	2001	6	2	0	2	0	
	2001	7	1	0	15	0	
	2001	7	2	0	6	0	
	2001	8	1	0	25	0	
	2001	8	2	0	9	0	
	2001	9	1	0	33	0	
	2001	9	2	0	17	0	
	2001	10	1	1	45	0.02222222	
	2001	10	2	0	22	0	
	2001	11	1	0	45	0	
	2001	11	2	0	50	0	
	2001	12	1	1	56	0.01785714	
	2001	12	2	0	75	0	
	2001	13	1	2	70	0.02857143	
	2001	13	2	0	97	0	
	2001	14	1	0	77	0	
	2001	14	2	4	161	0.02484472	
	2001	15	1	6	109	0.05504587	
	2001	15	2	2	349	0.005730659	
	2001	16	1	4	178	0.02247191	
	2001	16	2	8	514	0.0155642	
	2001	17	1	12	215	0.05581395	
	2001	17	2	12	682	0.01759531	
	2001	18	1	21	196	0.1071429	
	2001	18	2	30	789	0.03802281	
	2001	19	1	11	85	0.1294118	
	2001	19	2	31	476	0.06512605	
	2001	20	1	7	30	0.2333333	
	2001	20	2	15	135	0.1111111	
	2002	5	1	0	9	0	
	2002	5	2	0	1	0	
	2002	6	1	0	9	0	
	2002	6	2	0	3	0	
	2002	7	1	0	10	0	
	2002	7	2	0	5	0	
	2002	8	1	1	30	0.03333333	
	2002	8	2	0	13	0	
	2002	9	1	0	30	0	
	2002	9	2	0	15	0	
	2002	10	1	0	28	0	
	2002	10	2	0	28	0	
	2002	11	1	0	53	0	
	2002	11	2	0	48	0	
	2002	12	1	1	55	0.01818182	
	2002	12	2	0	86	0	
	2002	13	1	0	60	0	
	2002	13	2	0	129	0	
	2002	14	1	3	76	0.03947368	
	2002	14	2	0	185	0	
	2002	15	1	7	118	0.05932203	
	2002	15	2	5	291	0.01718213	
	2002	16	1	9	203	0.04433498	
	2002	16	2	10	491	0.0203666	
	2002	17	1	16	217	0.07373272	
	2002	17	2	23	784	0.02933673	
	2002	18	1	22	210	0.1047619	
	2002	18	2	46	833	0.05522209	
	2002	19	1	20	129	0.1550388	
	2002	19	2	40	546	0.07326007	
	2002	20	1	3	28	0.1071429	
	2002	20	2	18	127	0.1417323	
	2003	5	1	0	10	0	
	2003	5	2	0	1	0	
	2003	6	1	0	17	0	
	2003	6	2	0	9	0	
	2003	7	1	0	20	0	
	2003	7	2	0	6	0	
	2003	8	1	1	28	0.03571429	
	2003	8	2	0	7	0	
	2003	9	1	0	37	0	
	2003	9	2	0	25	0	
	2003	10	1	0	50	0	
	2003	10	2	0	27	0	
	2003	11	1	0	47	0	
	2003	11	2	1	41	0.02439024	
	2003	12	1	0	56	0	
	2003	12	2	0	97	0	
	2003	13	1	0	74	0	
	2003	13	2	2	123	0.01626016	
	2003	14	1	4	79	0.05063291	
	2003	14	2	3	156	0.01923077	
	2003	15	1	5	107	0.04672897	
	2003	15	2	6	301	0.01993355	
	2003	16	1	9	193	0.04663212	
	2003	16	2	8	575	0.01391304	
	2003	17	1	24	238	0.1008403	
	2003	17	2	29	863	0.03360371	
	2003	18	1	25	202	0.1237624	
	2003	18	2	42	790	0.05316456	
	2003	19	1	13	103	0.1262136	
	2003	19	2	44	524	0.08396947	
	2003	20	1	2	38	0.05263158	
	2003	20	2	22	163	0.1349693	
	2004	5	1	0	2	0	
	2004	5	2	0	4	0	
	2004	6	1	0	12	0	
	2004	6	2	0	3	0	
	2004	7	1	0	13	0	
	2004	7	2	0	2	0	
	2004	8	1	0	20	0	
	2004	8	2	0	10	0	
	2004	9	1	0	30	0	
	2004	9	2	0	14	0	
	2004	10	1	1	33	0.03030303	
	2004	10	2	0	32	0	
	2004	11	1	0	54	0	
	2004	11	2	0	53	0	
	2004	12	1	1	72	0.01388889	
	2004	12	2	1	78	0.01282051	
	2004	13	1	1	75	0.01333333	
	2004	13	2	1	116	0.00862069	
	2004	14	1	1	83	0.01204819	
	2004	14	2	2	161	0.01242236	
	2004	15	1	4	120	0.03333333	
	2004	15	2	6	311	0.0192926	
	2004	16	1	9	183	0.04918033	
	2004	16	2	15	554	0.02707581	
	2004	17	1	13	230	0.05652174	
	2004	17	2	27	824	0.03276699	
	2004	18	1	21	242	0.08677686	
	2004	18	2	35	755	0.04635762	
	2004	19	1	14	121	0.1157025	
	2004	19	2	34	534	0.06367041	
	2004	20	1	8	32	0.25	
	2004	20	2	18	127	0.1417323	
	2005	5	1	0	4	0	
	2005	5	2	0	1	0	
	2005	6	1	0	8	0	
	2005	6	2	0	1	0	
	2005	7	1	0	6	0	
	2005	7	2	0	6	0	
	2005	8	1	0	22	0	
	2005	8	2	0	14	0	
	2005	9	1	0	28	0	
	2005	9	2	0	10	0	
	2005	10	1	0	41	0	
	2005	10	2	0	20	0	
	2005	11	1	0	49	0	
	2005	11	2	0	48	0	
	2005	12	1	2	65	0.03076923	
	2005	12	2	0	101	0	
	2005	13	1	1	60	0.01666667	
	2005	13	2	0	117	0	
	2005	14	1	0	104	0	
	2005	14	2	3	161	0.01863354	
	2005	15	1	5	108	0.0462963	
	2005	15	2	5	305	0.01639344	
	2005	16	1	6	172	0.03488372	
	2005	16	2	11	528	0.02083333	
	2005	17	1	21	227	0.09251101	
	2005	17	2	25	839	0.02979738	
	2005	18	1	18	183	0.09836066	
	2005	18	2	33	715	0.04615385	
	2005	19	1	17	133	0.1278195	
	2005	19	2	31	504	0.06150794	
	2005	20	1	5	30	0.1666667	
	2005	20	2	13	152	0.08552632	
	2006	5	1	0	8	0	
	2006	6	1	0	10	0	
	2006	6	2	0	3	0	
	2006	7	1	0	11	0	
	2006	7	2	0	5	0	
	2006	8	1	0	21	0	
	2006	8	2	0	4	0	
	2006	9	1	0	19	0	
	2006	9	2	0	16	0	
	2006	10	1	0	36	0	
	2006	10	2	0	31	0	
	2006	11	1	0	55	0	
	2006	11	2	1	49	0.02040816	
	2006	12	1	0	60	0	
	2006	12	2	0	107	0	
	2006	13	1	0	80	0	
	2006	13	2	1	112	0.008928571	
	2006	14	1	1	90	0.01111111	
	2006	14	2	0	158	0	
	2006	15	1	3	118	0.02542373	
	2006	15	2	6	267	0.02247191	
	2006	16	1	13	185	0.07027027	
	2006	16	2	11	487	0.02258727	
	2006	17	1	15	224	0.06696429	
	2006	17	2	22	808	0.02722772	
	2006	18	1	23	235	0.09787234	
	2006	18	2	38	789	0.04816223	
	2006	19	1	18	142	0.1267606	
	2006	19	2	45	482	0.093361	
	2006	20	1	7	33	0.2121212	
	2006	20	2	22	169	0.1301775	
	2007	5	1	0	7	0	
	2007	6	1	0	7	0	
	2007	6	2	0	4	0	
	2007	7	1	0	12	0	
	2007	7	2	0	2	0	
	2007	8	1	0	25	0	
	2007	8	2	0	5	0	
	2007	9	1	0	24	0	
	2007	9	2	0	12	0	
	2007	10	1	0	36	0	
	2007	10	2	0	17	0	
	2007	11	1	1	40	0.025	
	2007	11	2	1	49	0.02040816	
	2007	12	1	1	50	0.02	
	2007	12	2	1	92	0.01086957	
	2007	13	1	0	90	0	
	2007	13	2	1	128	0.0078125	
	2007	14	1	3	79	0.03797468	
	2007	14	2	1	155	0.006451613	
	2007	15	1	2	122	0.01639344	
	2007	15	2	5	280	0.01785714	
	2007	16	1	7	170	0.04117647	
	2007	16	2	15	488	0.0307377	
	2007	17	1	18	241	0.0746888	
	2007	17	2	29	816	0.03553922	
	2007	18	1	25	239	0.1046025	
	2007	18	2	52	843	0.06168446	
	2007	19	1	15	130	0.1153846	
	2007	19	2	37	519	0.07129094	
	2007	20	1	12	49	0.244898	
	2007	20	2	14	161	0.08695652	
	2008	5	1	0	4	0	
	2008	5	2	0	5	0	
	2008	6	1	0	7	0	
	2008	6	2	0	3	0	
	2008	7	1	0	7	0	
	2008	7	2	0	1	0	
	2008	8	1	0	17	0	
	2008	8	2	0	8	0	
	2008	9	1	0	32	0	
	2008	9	2	0	16	0	
	2008	10	1	0	54	0	
	2008	10	2	0	23	0	
	2008	11	1	0	49	0	
	2008	11	2	0	45	0	
	2008	12	1	0	62	0	
	2008	12	2	0	80	0	
	2008	13	1	1	103	0.009708738	
	2008	13	2	1	140	0.007142857	
	2008	14	1	4	91	0.04395604	
	2008	14	2	3	178	0.01685393	
	2008	15	1	4	111	0.03603604	
	2008	15	2	2	250	0.008	
	2008	16	1	13	177	0.07344633	
	2008	16	2	8	515	0.01553398	
	2008	17	1	19	248	0.0766129	
	2008	17	2	24	827	0.02902056	
	2008	18	1	25	264	0.09469697	
	2008	18	2	41	779	0.05263158	
	2008	19	1	20	150	0.1333333	
	2008	19	2	45	482	0.093361	
	2008	20	1	7	50	0.14	
	2008	20	2	10	167	0.05988024	
	2009	5	1	0	10	0	
	2009	5	2	0	2	0	
	2009	6	1	0	15	0	
	2009	6	2	0	6	0	
	2009	7	1	0	21	0	
	2009	7	2	0	7	0	
	2009	8	1	1	21	0.04761905	
	2009	8	2	0	9	0	
	2009	9	1	0	31	0	
	2009	9	2	0	17	0	
	2009	10	1	0	61	0	
	2009	10	2	0	24	0	
	2009	11	1	2	53	0.03773585	
	2009	11	2	1	47	0.0212766	
	2009	12	1	0	67	0	
	2009	12	2	0	96	0	
	2009	13	1	1	93	0.01075269	
	2009	13	2	0	130	0	
	2009	14	1	4	105	0.03809524	
	2009	14	2	2	183	0.01092896	
	2009	15	1	8	125	0.064	
	2009	15	2	2	289	0.006920415	
	2009	16	1	7	190	0.03684211	
	2009	16	2	7	452	0.01548673	
	2009	17	1	23	286	0.08041958	
	2009	17	2	17	751	0.02263648	
	2009	18	1	26	287	0.09059233	
	2009	18	2	42	864	0.04861111	
	2009	19	1	17	135	0.1259259	
	2009	19	2	36	486	0.07407407	
	2009	20	1	6	38	0.1578947	
	2009	20	2	19	192	0.09895833	
	2010	5	1	0	7	0	
	2010	5	2	0	7	0	
	2010	6	1	0	14	0	
	2010	6	2	0	4	0	
	2010	7	1	0	8	0	
	2010	7	2	0	4	0	
	2010	8	1	0	29	0	
	2010	8	2	0	8	0	
	2010	9	1	0	38	0	
	2010	9	2	0	11	0	
	2010	10	1	0	60	0	
	2010	10	2	0	28	0	
	2010	11	1	1	75	0.01333333	
	2010	11	2	2	69	0.02898551	
	2010	12	1	2	84	0.02380952	
	2010	12	2	0	104	0	
	2010	13	1	4	107	0.03738318	
	2010	13	2	2	148	0.01351351	
	2010	14	1	3	126	0.02380952	
	2010	14	2	4	228	0.01754386	
	2010	15	1	1	145	0.006896552	
	2010	15	2	7	353	0.01983003	
	2010	16	1	9	239	0.0376569	
	2010	16	2	14	583	0.02401372	
	2010	17	1	22	320	0.06875	
	2010	17	2	29	981	0.02956167	
	2010	18	1	30	337	0.08902077	
	2010	18	2	45	1094	0.04113346	
	2010	19	1	22	176	0.125	
	2010	19	2	43	547	0.0786106	
	2010	20	1	7	53	0.1320755	
	2010	20	2	16	155	0.1032258	
	2011	5	1	0	6	0	
	2011	5	2	0	3	0	
	2011	6	1	0	13	0	
	2011	6	2	0	4	0	
	2011	7	1	0	15	0	
	2011	7	2	0	6	0	
	2011	8	1	0	28	0	
	2011	8	2	0	13	0	
	2011	9	1	0	35	0	
	2011	9	2	0	16	0	
	2011	10	1	0	66	0	
	2011	10	2	0	28	0	
	2011	11	1	0	82	0	
	2011	11	2	0	59	0	
	2011	12	1	0	86	0	
	2011	12	2	0	120	0	
	2011	13	1	0	124	0	
	2011	13	2	0	146	0	
	2011	14	1	3	144	0.02083333	
	2011	14	2	1	239	0.0041841	
	2011	15	1	1	145	0.006896552	
	2011	15	2	1	322	0.00310559	
	2011	16	1	9	213	0.04225352	
	2011	16	2	9	611	0.01472995	
	2011	17	1	19	320	0.059375	
	2011	17	2	21	928	0.02262931	
	2011	18	1	28	371	0.0754717	
	2011	18	2	40	1051	0.03805899	
	2011	19	1	15	158	0.09493671	
	2011	19	2	31	577	0.05372617	
	2011	20	1	9	54	0.1666667	
	2011	20	2	11	173	0.06358382	
	2012	5	1	0	9	0	
	2012	5	2	0	4	0	
	2012	6	1	0	15	0	
	2012	6	2	0	5	0	
	2012	7	1	0	17	0	
	2012	7	2	0	9	0	
	2012	8	1	0	22	0	
	2012	8	2	0	9	0	
	2012	9	1	0	38	0	
	2012	9	2	0	15	0	
	2012	10	1	0	68	0	
	2012	10	2	0	32	0	
	2012	11	1	0	70	0	
	2012	11	2	1	77	0.01298701	
	2012	12	1	1	101	0.00990099	
	2012	12	2	1	89	0.01123596	
	2012	13	1	1	115	0.008695652	
	2012	13	2	0	162	0	
	2012	14	1	3	115	0.02608696	
	2012	14	2	5	222	0.02252252	
	2012	15	1	5	156	0.03205128	
	2012	15	2	6	321	0.01869159	
	2012	16	1	15	219	0.06849315	
	2012	16	2	18	593	0.03035413	
	2012	17	1	15	297	0.05050505	
	2012	17	2	24	879	0.02730375	
	2012	18	1	41	335	0.1223881	
	2012	18	2	38	1037	0.03664417	
	2012	19	1	22	190	0.1157895	
	2012	19	2	55	648	0.08487654	
	2012	20	1	7	57	0.122807	
	2012	20	2	29	188	0.1542553	
	2013	5	1	0	5	0	
	2013	5	2	0	1	0	
	2013	6	1	0	7	0	
	2013	6	2	0	3	0	
	2013	7	1	0	7	0	
	2013	7	2	0	8	0	
	2013	8	1	0	19	0	
	2013	8	2	0	7	0	
	2013	9	1	0	33	0	
	2013	9	2	0	19	0	
	2013	10	1	0	56	0	
	2013	10	2	1	30	0.03333333	
	2013	11	1	0	68	0	
	2013	11	2	0	60	0	
	2013	12	1	1	90	0.01111111	
	2013	12	2	0	104	0	
	2013	13	1	1	104	0.009615385	
	2013	13	2	1	147	0.006802721	
	2013	14	1	2	131	0.01526718	
	2013	14	2	3	217	0.01382488	
	2013	15	1	0	152	0	
	2013	15	2	7	335	0.02089552	
	2013	16	1	8	199	0.04020101	
	2013	16	2	7	534	0.01310861	
	2013	17	1	20	322	0.0621118	
	2013	17	2	31	889	0.03487064	
	2013	18	1	25	315	0.07936508	
	2013	18	2	48	1042	0.04606526	
	2013	19	1	27	198	0.1363636	
	2013	19	2	50	619	0.08077544	
	2013	20	1	12	55	0.2181818	
	2013	20	2	17	183	0.09289617	

