
	I.2.2.M Exzision von Bandscheibengewebe (ohne Unfall, Tumor, komplexe OP an Wirbelsäule), Mortalität // Discectomie (sans accident, tumeur, OP complexe de la colonne vertébrale), mortalité // Escissione dei tessuti intervertebrali (senza infortunio, tumore, OP complessa alla colonna vertrebrale), mortalità
	BAG/OFSP/UFSP - CH-IQI Version V4.0 - Daten 2013 - 27. Juli 2015

	Jahr	AltEGrp	Sex	DeathCH	CasesCH	pCH	
	1998	1	1	0	1	0	
	1998	3	2	0	1	0	
	1998	4	1	0	6	0	
	1998	4	2	0	5	0	
	1998	5	1	0	21	0	
	1998	5	2	0	11	0	
	1998	6	1	0	85	0	
	1998	6	2	0	57	0	
	1998	7	1	0	158	0	
	1998	7	2	0	111	0	
	1998	8	1	0	215	0	
	1998	8	2	0	147	0	
	1998	9	1	0	216	0	
	1998	9	2	0	153	0	
	1998	10	1	0	217	0	
	1998	10	2	0	157	0	
	1998	11	1	0	194	0	
	1998	11	2	0	137	0	
	1998	12	1	0	177	0	
	1998	12	2	0	99	0	
	1998	13	1	0	128	0	
	1998	13	2	0	82	0	
	1998	14	1	0	88	0	
	1998	14	2	0	96	0	
	1998	15	1	0	63	0	
	1998	15	2	0	77	0	
	1998	16	1	0	47	0	
	1998	16	2	0	57	0	
	1998	17	1	0	13	0	
	1998	17	2	0	21	0	
	1998	18	1	0	2	0	
	1998	18	2	0	7	0	
	1999	1	2	0	1	0	
	1999	4	1	0	8	0	
	1999	4	2	0	12	0	
	1999	5	1	0	31	0	
	1999	5	2	0	29	0	
	1999	6	1	0	87	0	
	1999	6	2	0	62	0	
	1999	7	1	0	214	0	
	1999	7	2	0	134	0	
	1999	8	1	0	281	0	
	1999	8	2	0	164	0	
	1999	9	1	0	273	0	
	1999	9	2	0	204	0	
	1999	10	1	0	254	0	
	1999	10	2	0	206	0	
	1999	11	1	0	246	0	
	1999	11	2	0	166	0	
	1999	12	1	0	209	0	
	1999	12	2	0	156	0	
	1999	13	1	0	160	0	
	1999	13	2	0	147	0	
	1999	14	1	0	106	0	
	1999	14	2	0	113	0	
	1999	15	1	0	85	0	
	1999	15	2	0	96	0	
	1999	16	1	0	62	0	
	1999	16	2	0	73	0	
	1999	17	1	0	20	0	
	1999	17	2	0	36	0	
	1999	18	1	0	10	0	
	1999	18	2	0	12	0	
	1999	19	1	0	1	0	
	1999	19	2	0	2	0	
	1999	20	2	0	1	0	
	2000	4	1	0	10	0	
	2000	4	2	0	8	0	
	2000	5	1	0	38	0	
	2000	5	2	0	23	0	
	2000	6	1	0	110	0	
	2000	6	2	0	73	0	
	2000	7	1	0	210	0	
	2000	7	2	0	169	0	
	2000	8	1	1	307	0.003257329	
	2000	8	2	0	216	0	
	2000	9	1	0	314	0	
	2000	9	2	0	237	0	
	2000	10	1	0	309	0	
	2000	10	2	0	214	0	
	2000	11	1	0	292	0	
	2000	11	2	0	206	0	
	2000	12	1	1	268	0.003731343	
	2000	12	2	0	191	0	
	2000	13	1	1	180	0.005555556	
	2000	13	2	0	146	0	
	2000	14	1	0	119	0	
	2000	14	2	0	148	0	
	2000	15	1	0	125	0	
	2000	15	2	0	106	0	
	2000	16	1	0	66	0	
	2000	16	2	0	80	0	
	2000	17	1	0	28	0	
	2000	17	2	0	44	0	
	2000	18	1	0	10	0	
	2000	18	2	0	13	0	
	2000	19	1	0	2	0	
	2001	4	1	0	6	0	
	2001	4	2	0	9	0	
	2001	5	1	0	34	0	
	2001	5	2	0	31	0	
	2001	6	1	0	99	0	
	2001	6	2	0	85	0	
	2001	7	1	0	235	0	
	2001	7	2	0	163	0	
	2001	8	1	0	318	0	
	2001	8	2	0	238	0	
	2001	9	1	0	370	0	
	2001	9	2	0	234	0	
	2001	10	1	0	324	0	
	2001	10	2	0	217	0	
	2001	11	1	0	326	0	
	2001	11	2	0	247	0	
	2001	12	1	0	309	0	
	2001	12	2	0	231	0	
	2001	13	1	0	204	0	
	2001	13	2	0	162	0	
	2001	14	1	0	159	0	
	2001	14	2	0	131	0	
	2001	15	1	1	122	0.008196721	
	2001	15	2	0	146	0	
	2001	16	1	0	88	0	
	2001	16	2	1	99	0.01010101	
	2001	17	1	1	36	0.02777778	
	2001	17	2	0	52	0	
	2001	18	1	0	16	0	
	2001	18	2	0	10	0	
	2001	19	1	0	1	0	
	2001	19	2	0	2	0	
	2002	3	2	0	2	0	
	2002	4	1	0	8	0	
	2002	4	2	0	12	0	
	2002	5	1	0	35	0	
	2002	5	2	0	34	0	
	2002	6	1	0	117	0	
	2002	6	2	0	84	0	
	2002	7	1	1	257	0.003891051	
	2002	7	2	1	188	0.005319149	
	2002	8	1	0	378	0	
	2002	8	2	0	263	0	
	2002	9	1	0	400	0	
	2002	9	2	0	315	0	
	2002	10	1	1	388	0.00257732	
	2002	10	2	0	308	0	
	2002	11	1	1	362	0.002762431	
	2002	11	2	0	287	0	
	2002	12	1	0	359	0	
	2002	12	2	1	248	0.004032258	
	2002	13	1	0	272	0	
	2002	13	2	1	190	0.005263158	
	2002	14	1	0	203	0	
	2002	14	2	0	196	0	
	2002	15	1	0	172	0	
	2002	15	2	0	191	0	
	2002	16	1	0	115	0	
	2002	16	2	0	153	0	
	2002	17	1	0	49	0	
	2002	17	2	0	84	0	
	2002	18	1	0	21	0	
	2002	18	2	0	18	0	
	2002	19	1	0	3	0	
	2002	20	1	0	1	0	
	2002	20	2	0	1	0	
	2003	1	1	0	1	0	
	2003	2	1	0	1	0	
	2003	2	2	0	1	0	
	2003	3	1	0	2	0	
	2003	3	2	0	2	0	
	2003	4	1	0	11	0	
	2003	4	2	0	10	0	
	2003	5	1	0	52	0	
	2003	5	2	0	45	0	
	2003	6	1	0	114	0	
	2003	6	2	0	105	0	
	2003	7	1	0	272	0	
	2003	7	2	0	187	0	
	2003	8	1	0	437	0	
	2003	8	2	0	323	0	
	2003	9	1	0	444	0	
	2003	9	2	0	317	0	
	2003	10	1	0	387	0	
	2003	10	2	1	299	0.003344482	
	2003	11	1	0	394	0	
	2003	11	2	0	305	0	
	2003	12	1	0	394	0	
	2003	12	2	1	280	0.003571429	
	2003	13	1	0	306	0	
	2003	13	2	1	222	0.004504505	
	2003	14	1	0	227	0	
	2003	14	2	0	244	0	
	2003	15	1	0	174	0	
	2003	15	2	0	185	0	
	2003	16	1	1	144	0.006944444	
	2003	16	2	0	181	0	
	2003	17	1	1	71	0.01408451	
	2003	17	2	0	81	0	
	2003	18	1	0	22	0	
	2003	18	2	0	23	0	
	2003	19	1	0	5	0	
	2003	19	2	0	4	0	
	2003	20	2	0	1	0	
	2004	3	2	0	1	0	
	2004	4	1	0	4	0	
	2004	4	2	0	10	0	
	2004	5	1	0	48	0	
	2004	5	2	0	22	0	
	2004	6	1	0	126	0	
	2004	6	2	0	72	0	
	2004	7	1	0	217	0	
	2004	7	2	0	164	0	
	2004	8	1	0	368	0	
	2004	8	2	0	293	0	
	2004	9	1	0	437	0	
	2004	9	2	0	334	0	
	2004	10	1	0	411	0	
	2004	10	2	0	307	0	
	2004	11	1	0	319	0	
	2004	11	2	0	269	0	
	2004	12	1	0	340	0	
	2004	12	2	0	280	0	
	2004	13	1	0	282	0	
	2004	13	2	0	253	0	
	2004	14	1	0	221	0	
	2004	14	2	0	199	0	
	2004	15	1	0	182	0	
	2004	15	2	0	206	0	
	2004	16	1	0	115	0	
	2004	16	2	0	159	0	
	2004	17	1	0	65	0	
	2004	17	2	0	87	0	
	2004	18	1	0	17	0	
	2004	18	2	0	19	0	
	2004	19	1	0	7	0	
	2004	19	2	0	4	0	
	2005	3	1	0	2	0	
	2005	3	2	0	1	0	
	2005	4	1	0	6	0	
	2005	4	2	0	10	0	
	2005	5	1	0	44	0	
	2005	5	2	0	30	0	
	2005	6	1	0	135	0	
	2005	6	2	0	87	0	
	2005	7	1	1	227	0.004405286	
	2005	7	2	0	200	0	
	2005	8	1	0	412	0	
	2005	8	2	1	315	0.003174603	
	2005	9	1	0	500	0	
	2005	9	2	0	348	0	
	2005	10	1	0	463	0	
	2005	10	2	0	343	0	
	2005	11	1	1	378	0.002645503	
	2005	11	2	0	293	0	
	2005	12	1	2	431	0.004640371	
	2005	12	2	0	319	0	
	2005	13	1	0	363	0	
	2005	13	2	1	275	0.003636364	
	2005	14	1	0	278	0	
	2005	14	2	1	274	0.003649635	
	2005	15	1	0	202	0	
	2005	15	2	2	244	0.008196721	
	2005	16	1	0	133	0	
	2005	16	2	1	183	0.005464481	
	2005	17	1	1	81	0.01234568	
	2005	17	2	0	123	0	
	2005	18	1	1	22	0.04545455	
	2005	18	2	0	30	0	
	2005	19	1	0	2	0	
	2005	19	2	0	7	0	
	2006	2	2	0	1	0	
	2006	3	2	0	1	0	
	2006	4	1	0	11	0	
	2006	4	2	0	8	0	
	2006	5	1	0	55	0	
	2006	5	2	0	44	0	
	2006	6	1	0	107	0	
	2006	6	2	0	69	0	
	2006	7	1	0	268	0	
	2006	7	2	0	196	0	
	2006	8	1	0	398	0	
	2006	8	2	0	287	0	
	2006	9	1	0	476	0	
	2006	9	2	0	370	0	
	2006	10	1	0	440	0	
	2006	10	2	0	325	0	
	2006	11	1	1	421	0.002375297	
	2006	11	2	0	288	0	
	2006	12	1	0	382	0	
	2006	12	2	0	272	0	
	2006	13	1	2	359	0.005571031	
	2006	13	2	1	288	0.003472222	
	2006	14	1	1	242	0.004132231	
	2006	14	2	0	228	0	
	2006	15	1	1	211	0.004739336	
	2006	15	2	1	252	0.003968254	
	2006	16	1	2	178	0.01123596	
	2006	16	2	0	196	0	
	2006	17	1	0	61	0	
	2006	17	2	0	100	0	
	2006	18	1	0	25	0	
	2006	18	2	0	21	0	
	2006	19	2	0	5	0	
	2006	20	1	0	1	0	
	2006	20	2	0	2	0	
	2007	3	1	0	1	0	
	2007	3	2	0	1	0	
	2007	4	1	0	14	0	
	2007	4	2	0	15	0	
	2007	5	1	0	51	0	
	2007	5	2	0	31	0	
	2007	6	1	0	136	0	
	2007	6	2	0	102	0	
	2007	7	1	0	234	0	
	2007	7	2	0	165	0	
	2007	8	1	0	396	0	
	2007	8	2	0	292	0	
	2007	9	1	0	448	0	
	2007	9	2	0	347	0	
	2007	10	1	0	461	0	
	2007	10	2	0	354	0	
	2007	11	1	0	446	0	
	2007	11	2	0	304	0	
	2007	12	1	0	392	0	
	2007	12	2	0	292	0	
	2007	13	1	0	353	0	
	2007	13	2	0	274	0	
	2007	14	1	0	264	0	
	2007	14	2	0	278	0	
	2007	15	1	0	216	0	
	2007	15	2	0	243	0	
	2007	16	1	0	140	0	
	2007	16	2	0	237	0	
	2007	17	1	2	96	0.02083333	
	2007	17	2	0	126	0	
	2007	18	1	1	36	0.02777778	
	2007	18	2	0	31	0	
	2007	19	1	0	2	0	
	2007	19	2	0	3	0	
	2007	20	1	0	1	0	
	2008	1	1	0	1	0	
	2008	3	2	0	1	0	
	2008	4	1	0	9	0	
	2008	4	2	0	7	0	
	2008	5	1	0	55	0	
	2008	5	2	0	42	0	
	2008	6	1	0	127	0	
	2008	6	2	0	106	0	
	2008	7	1	0	219	0	
	2008	7	2	0	171	0	
	2008	8	1	0	374	0	
	2008	8	2	0	272	0	
	2008	9	1	0	452	0	
	2008	9	2	0	349	0	
	2008	10	1	0	512	0	
	2008	10	2	0	351	0	
	2008	11	1	0	453	0	
	2008	11	2	0	276	0	
	2008	12	1	0	417	0	
	2008	12	2	0	270	0	
	2008	13	1	0	422	0	
	2008	13	2	0	298	0	
	2008	14	1	1	312	0.003205128	
	2008	14	2	0	288	0	
	2008	15	1	0	227	0	
	2008	15	2	0	269	0	
	2008	16	1	1	152	0.006578947	
	2008	16	2	0	240	0	
	2008	17	1	0	88	0	
	2008	17	2	0	140	0	
	2008	18	1	0	28	0	
	2008	18	2	0	33	0	
	2008	19	1	0	5	0	
	2008	19	2	0	2	0	
	2008	20	2	0	1	0	
	2009	3	1	0	2	0	
	2009	3	2	0	2	0	
	2009	4	1	0	12	0	
	2009	4	2	0	6	0	
	2009	5	1	0	48	0	
	2009	5	2	0	25	0	
	2009	6	1	0	114	0	
	2009	6	2	0	91	0	
	2009	7	1	0	254	0	
	2009	7	2	0	160	0	
	2009	8	1	0	403	0	
	2009	8	2	0	280	0	
	2009	9	1	0	495	0	
	2009	9	2	0	360	0	
	2009	10	1	0	511	0	
	2009	10	2	0	401	0	
	2009	11	1	0	462	0	
	2009	11	2	1	306	0.003267974	
	2009	12	1	0	434	0	
	2009	12	2	0	280	0	
	2009	13	1	0	375	0	
	2009	13	2	0	330	0	
	2009	14	1	0	312	0	
	2009	14	2	0	260	0	
	2009	15	1	0	248	0	
	2009	15	2	0	260	0	
	2009	16	1	0	182	0	
	2009	16	2	0	203	0	
	2009	17	1	0	95	0	
	2009	17	2	0	113	0	
	2009	18	1	0	21	0	
	2009	18	2	0	28	0	
	2009	19	1	0	3	0	
	2009	19	2	0	6	0	
	2010	3	2	0	2	0	
	2010	4	1	0	11	0	
	2010	4	2	0	7	0	
	2010	5	1	0	58	0	
	2010	5	2	0	37	0	
	2010	6	1	0	127	0	
	2010	6	2	0	96	0	
	2010	7	1	0	269	0	
	2010	7	2	0	191	0	
	2010	8	1	0	341	0	
	2010	8	2	0	287	0	
	2010	9	1	0	472	0	
	2010	9	2	2	362	0.005524862	
	2010	10	1	0	503	0	
	2010	10	2	0	389	0	
	2010	11	1	1	488	0.00204918	
	2010	11	2	0	337	0	
	2010	12	1	1	416	0.002403846	
	2010	12	2	0	327	0	
	2010	13	1	1	440	0.002272727	
	2010	13	2	0	350	0	
	2010	14	1	0	363	0	
	2010	14	2	0	305	0	
	2010	15	1	0	262	0	
	2010	15	2	0	285	0	
	2010	16	1	1	197	0.005076142	
	2010	16	2	0	226	0	
	2010	17	1	0	91	0	
	2010	17	2	0	132	0	
	2010	18	1	0	30	0	
	2010	18	2	0	37	0	
	2010	19	1	0	1	0	
	2010	19	2	0	1	0	
	2011	2	2	0	1	0	
	2011	3	2	0	5	0	
	2011	4	1	0	7	0	
	2011	4	2	0	19	0	
	2011	5	1	0	71	0	
	2011	5	2	0	53	0	
	2011	6	1	0	164	0	
	2011	6	2	0	100	0	
	2011	7	1	0	265	0	
	2011	7	2	0	187	0	
	2011	8	1	0	396	0	
	2011	8	2	0	285	0	
	2011	9	1	0	473	0	
	2011	9	2	0	396	0	
	2011	10	1	0	523	0	
	2011	10	2	0	367	0	
	2011	11	1	0	490	0	
	2011	11	2	0	324	0	
	2011	12	1	0	488	0	
	2011	12	2	0	324	0	
	2011	13	1	1	435	0.002298851	
	2011	13	2	1	347	0.002881844	
	2011	14	1	0	356	0	
	2011	14	2	0	282	0	
	2011	15	1	0	249	0	
	2011	15	2	0	272	0	
	2011	16	1	1	227	0.004405286	
	2011	16	2	1	255	0.003921569	
	2011	17	1	0	123	0	
	2011	17	2	0	126	0	
	2011	18	1	1	31	0.03225806	
	2011	18	2	0	42	0	
	2011	19	1	1	7	0.1428571	
	2011	19	2	0	8	0	
	2012	2	1	0	1	0	
	2012	3	1	0	1	0	
	2012	3	2	0	2	0	
	2012	4	1	0	13	0	
	2012	4	2	0	12	0	
	2012	5	1	0	59	0	
	2012	5	2	0	27	0	
	2012	6	1	0	148	0	
	2012	6	2	0	105	0	
	2012	7	1	0	289	0	
	2012	7	2	0	192	0	
	2012	8	1	0	390	0	
	2012	8	2	0	248	0	
	2012	9	1	0	481	0	
	2012	9	2	0	404	0	
	2012	10	1	0	465	0	
	2012	10	2	0	435	0	
	2012	11	1	0	520	0	
	2012	11	2	0	322	0	
	2012	12	1	0	461	0	
	2012	12	2	0	294	0	
	2012	13	1	1	431	0.002320186	
	2012	13	2	1	311	0.003215434	
	2012	14	1	0	401	0	
	2012	14	2	0	330	0	
	2012	15	1	0	313	0	
	2012	15	2	0	297	0	
	2012	16	1	0	256	0	
	2012	16	2	0	243	0	
	2012	17	1	0	108	0	
	2012	17	2	0	136	0	
	2012	18	1	1	32	0.03125	
	2012	18	2	0	44	0	
	2012	19	1	0	6	0	
	2012	19	2	0	5	0	
	2013	3	1	0	2	0	
	2013	3	2	0	1	0	
	2013	4	1	0	12	0	
	2013	4	2	0	20	0	
	2013	5	1	0	65	0	
	2013	5	2	0	48	0	
	2013	6	1	0	150	0	
	2013	6	2	0	114	0	
	2013	7	1	0	304	0	
	2013	7	2	0	202	0	
	2013	8	1	0	362	0	
	2013	8	2	1	273	0.003663004	
	2013	9	1	0	448	0	
	2013	9	2	0	380	0	
	2013	10	1	0	527	0	
	2013	10	2	0	380	0	
	2013	11	1	0	520	0	
	2013	11	2	0	375	0	
	2013	12	1	0	491	0	
	2013	12	2	0	355	0	
	2013	13	1	0	444	0	
	2013	13	2	0	303	0	
	2013	14	1	0	384	0	
	2013	14	2	1	316	0.003164557	
	2013	15	1	1	332	0.003012048	
	2013	15	2	1	298	0.003355705	
	2013	16	1	0	222	0	
	2013	16	2	0	250	0	
	2013	17	1	0	110	0	
	2013	17	2	0	150	0	
	2013	18	1	0	37	0	
	2013	18	2	0	46	0	
	2013	19	1	0	8	0	
	2013	19	2	0	11	0	
	2013	20	1	0	1	0	
	2013	20	2	0	2	0	

