
	E.2.1.M Herniotomie ohne OP am Darm, Mortalität // Herniotomie sans OP de l’intestin, mortalité // Erniotomia senza OP all’intestino, mortalità
	BAG/OFSP/UFSP - CH-IQI Version V4.0 - Daten 2013 - 27. Juli 2015

	Jahr	AltEGrp	Sex	DeathCH	CasesCH	pCH	
	1998	1	1	0	155	0	
	1998	1	2	0	43	0	
	1998	2	1	0	110	0	
	1998	2	2	0	65	0	
	1998	3	1	0	46	0	
	1998	3	2	0	31	0	
	1998	4	1	0	136	0	
	1998	4	2	0	28	0	
	1998	5	1	0	210	0	
	1998	5	2	0	59	0	
	1998	6	1	0	277	0	
	1998	6	2	0	77	0	
	1998	7	1	0	405	0	
	1998	7	2	0	155	0	
	1998	8	1	0	503	0	
	1998	8	2	0	134	0	
	1998	9	1	0	591	0	
	1998	9	2	0	121	0	
	1998	10	1	0	704	0	
	1998	10	2	0	136	0	
	1998	11	1	0	976	0	
	1998	11	2	1	112	0.008928571	
	1998	12	1	0	939	0	
	1998	12	2	0	121	0	
	1998	13	1	0	944	0	
	1998	13	2	0	153	0	
	1998	14	1	0	825	0	
	1998	14	2	0	161	0	
	1998	15	1	2	799	0.002503129	
	1998	15	2	0	172	0	
	1998	16	1	3	627	0.004784689	
	1998	16	2	0	182	0	
	1998	17	1	2	375	0.005333333	
	1998	17	2	0	114	0	
	1998	18	1	1	164	0.006097561	
	1998	18	2	0	68	0	
	1998	19	1	0	37	0	
	1998	19	2	0	21	0	
	1998	20	1	0	5	0	
	1998	20	2	0	6	0	
	1999	1	1	0	130	0	
	1999	1	2	0	43	0	
	1999	2	1	1	91	0.01098901	
	1999	2	2	0	48	0	
	1999	3	1	0	62	0	
	1999	3	2	0	32	0	
	1999	4	1	0	169	0	
	1999	4	2	0	48	0	
	1999	5	1	0	323	0	
	1999	5	2	0	58	0	
	1999	6	1	0	408	0	
	1999	6	2	0	100	0	
	1999	7	1	0	473	0	
	1999	7	2	0	134	0	
	1999	8	1	0	729	0	
	1999	8	2	0	178	0	
	1999	9	1	0	846	0	
	1999	9	2	0	206	0	
	1999	10	1	0	965	0	
	1999	10	2	0	182	0	
	1999	11	1	0	1300	0	
	1999	11	2	0	236	0	
	1999	12	1	0	1398	0	
	1999	12	2	0	195	0	
	1999	13	1	2	1244	0.001607717	
	1999	13	2	0	211	0	
	1999	14	1	1	1116	0.0008960573	
	1999	14	2	0	227	0	
	1999	15	1	3	1027	0.00292113	
	1999	15	2	1	232	0.004310345	
	1999	16	1	5	911	0.005488474	
	1999	16	2	2	202	0.00990099	
	1999	17	1	3	444	0.006756757	
	1999	17	2	1	137	0.00729927	
	1999	18	1	1	237	0.004219409	
	1999	18	2	1	90	0.01111111	
	1999	19	1	1	55	0.01818182	
	1999	19	2	0	19	0	
	1999	20	1	1	7	0.1428571	
	1999	20	2	0	5	0	
	2000	1	1	0	113	0	
	2000	1	2	0	37	0	
	2000	2	1	0	66	0	
	2000	2	2	0	46	0	
	2000	3	1	0	61	0	
	2000	3	2	0	32	0	
	2000	4	1	0	190	0	
	2000	4	2	0	60	0	
	2000	5	1	0	329	0	
	2000	5	2	0	68	0	
	2000	6	1	0	437	0	
	2000	6	2	0	103	0	
	2000	7	1	0	560	0	
	2000	7	2	0	165	0	
	2000	8	1	2	808	0.002475248	
	2000	8	2	1	196	0.005102041	
	2000	9	1	1	873	0.001145475	
	2000	9	2	0	208	0	
	2000	10	1	0	1050	0	
	2000	10	2	0	233	0	
	2000	11	1	2	1421	0.00140746	
	2000	11	2	0	225	0	
	2000	12	1	1	1568	0.0006377551	
	2000	12	2	0	217	0	
	2000	13	1	3	1370	0.002189781	
	2000	13	2	0	203	0	
	2000	14	1	1	1310	0.0007633588	
	2000	14	2	1	252	0.003968254	
	2000	15	1	2	1118	0.001788909	
	2000	15	2	3	249	0.01204819	
	2000	16	1	3	880	0.003409091	
	2000	16	2	2	232	0.00862069	
	2000	17	1	0	531	0	
	2000	17	2	1	145	0.006896552	
	2000	18	1	2	233	0.008583691	
	2000	18	2	3	73	0.04109589	
	2000	19	1	0	60	0	
	2000	19	2	1	35	0.02857143	
	2000	20	1	0	5	0	
	2000	20	2	1	7	0.1428571	
	2001	1	1	0	91	0	
	2001	1	2	0	38	0	
	2001	2	1	0	61	0	
	2001	2	2	0	25	0	
	2001	3	1	0	50	0	
	2001	3	2	0	18	0	
	2001	4	1	0	214	0	
	2001	4	2	0	54	0	
	2001	5	1	0	384	0	
	2001	5	2	0	75	0	
	2001	6	1	0	436	0	
	2001	6	2	0	126	0	
	2001	7	1	0	589	0	
	2001	7	2	0	188	0	
	2001	8	1	0	847	0	
	2001	8	2	0	218	0	
	2001	9	1	0	941	0	
	2001	9	2	0	234	0	
	2001	10	1	0	1060	0	
	2001	10	2	0	257	0	
	2001	11	1	1	1419	0.0007047216	
	2001	11	2	0	263	0	
	2001	12	1	0	1690	0	
	2001	12	2	0	244	0	
	2001	13	1	0	1458	0	
	2001	13	2	0	261	0	
	2001	14	1	1	1349	0.0007412898	
	2001	14	2	0	285	0	
	2001	15	1	3	1155	0.002597403	
	2001	15	2	1	254	0.003937008	
	2001	16	1	1	955	0.00104712	
	2001	16	2	0	266	0	
	2001	17	1	3	585	0.005128205	
	2001	17	2	1	159	0.006289308	
	2001	18	1	1	263	0.003802281	
	2001	18	2	3	98	0.03061224	
	2001	19	1	0	52	0	
	2001	19	2	1	42	0.02380952	
	2001	20	1	0	7	0	
	2001	20	2	0	5	0	
	2002	1	1	0	54	0	
	2002	1	2	0	15	0	
	2002	2	1	0	34	0	
	2002	2	2	0	25	0	
	2002	3	1	0	33	0	
	2002	3	2	0	22	0	
	2002	4	1	0	213	0	
	2002	4	2	0	63	0	
	2002	5	1	0	398	0	
	2002	5	2	0	83	0	
	2002	6	1	0	461	0	
	2002	6	2	0	118	0	
	2002	7	1	0	597	0	
	2002	7	2	0	193	0	
	2002	8	1	0	837	0	
	2002	8	2	0	254	0	
	2002	9	1	0	1076	0	
	2002	9	2	0	284	0	
	2002	10	1	0	1209	0	
	2002	10	2	0	282	0	
	2002	11	1	1	1445	0.0006920415	
	2002	11	2	0	267	0	
	2002	12	1	0	1821	0	
	2002	12	2	2	311	0.006430868	
	2002	13	1	0	1650	0	
	2002	13	2	0	272	0	
	2002	14	1	0	1426	0	
	2002	14	2	0	295	0	
	2002	15	1	2	1355	0.001476015	
	2002	15	2	0	261	0	
	2002	16	1	4	1134	0.003527337	
	2002	16	2	0	267	0	
	2002	17	1	0	677	0	
	2002	17	2	1	194	0.005154639	
	2002	18	1	4	276	0.01449275	
	2002	18	2	1	123	0.008130081	
	2002	19	1	2	66	0.03030303	
	2002	19	2	3	41	0.07317073	
	2002	20	1	0	12	0	
	2002	20	2	0	3	0	
	2003	1	1	0	91	0	
	2003	1	2	0	25	0	
	2003	2	1	0	58	0	
	2003	2	2	0	25	0	
	2003	3	1	0	41	0	
	2003	3	2	0	30	0	
	2003	4	1	0	237	0	
	2003	4	2	0	75	0	
	2003	5	1	0	451	0	
	2003	5	2	0	108	0	
	2003	6	1	0	455	0	
	2003	6	2	0	144	0	
	2003	7	1	0	656	0	
	2003	7	2	0	203	0	
	2003	8	1	0	875	0	
	2003	8	2	0	262	0	
	2003	9	1	0	1079	0	
	2003	9	2	0	319	0	
	2003	10	1	0	1234	0	
	2003	10	2	0	328	0	
	2003	11	1	0	1547	0	
	2003	11	2	0	292	0	
	2003	12	1	1	1850	0.0005405405	
	2003	12	2	0	351	0	
	2003	13	1	1	1803	0.0005546312	
	2003	13	2	0	335	0	
	2003	14	1	2	1591	0.001257071	
	2003	14	2	1	307	0.003257329	
	2003	15	1	0	1318	0	
	2003	15	2	0	320	0	
	2003	16	1	4	1080	0.003703704	
	2003	16	2	0	332	0	
	2003	17	1	1	664	0.001506024	
	2003	17	2	2	187	0.01069519	
	2003	18	1	1	270	0.003703704	
	2003	18	2	1	113	0.008849558	
	2003	19	1	1	79	0.01265823	
	2003	19	2	0	34	0	
	2003	20	1	0	14	0	
	2003	20	2	0	6	0	
	2004	1	1	0	97	0	
	2004	1	2	0	14	0	
	2004	2	1	0	45	0	
	2004	2	2	0	23	0	
	2004	3	1	0	44	0	
	2004	3	2	0	23	0	
	2004	4	1	0	266	0	
	2004	4	2	0	90	0	
	2004	5	1	0	435	0	
	2004	5	2	0	112	0	
	2004	6	1	0	485	0	
	2004	6	2	0	145	0	
	2004	7	1	0	688	0	
	2004	7	2	0	235	0	
	2004	8	1	0	949	0	
	2004	8	2	0	280	0	
	2004	9	1	0	1168	0	
	2004	9	2	0	333	0	
	2004	10	1	0	1416	0	
	2004	10	2	0	324	0	
	2004	11	1	0	1649	0	
	2004	11	2	0	292	0	
	2004	12	1	1	2008	0.000498008	
	2004	12	2	1	332	0.003012048	
	2004	13	1	0	1982	0	
	2004	13	2	0	333	0	
	2004	14	1	1	1617	0.0006184292	
	2004	14	2	0	316	0	
	2004	15	1	3	1438	0.002086231	
	2004	15	2	1	310	0.003225806	
	2004	16	1	1	1225	0.0008163265	
	2004	16	2	1	316	0.003164557	
	2004	17	1	2	752	0.002659574	
	2004	17	2	1	216	0.00462963	
	2004	18	1	1	288	0.003472222	
	2004	18	2	1	104	0.009615385	
	2004	19	1	3	82	0.03658537	
	2004	19	2	0	36	0	
	2004	20	1	1	17	0.05882353	
	2004	20	2	0	8	0	
	2005	1	1	0	95	0	
	2005	1	2	0	31	0	
	2005	2	1	0	46	0	
	2005	2	2	0	30	0	
	2005	3	1	0	44	0	
	2005	3	2	0	19	0	
	2005	4	1	0	272	0	
	2005	4	2	0	67	0	
	2005	5	1	0	402	0	
	2005	5	2	0	92	0	
	2005	6	1	0	477	0	
	2005	6	2	0	133	0	
	2005	7	1	0	619	0	
	2005	7	2	0	227	0	
	2005	8	1	0	910	0	
	2005	8	2	0	314	0	
	2005	9	1	0	1233	0	
	2005	9	2	0	361	0	
	2005	10	1	0	1417	0	
	2005	10	2	0	326	0	
	2005	11	1	0	1553	0	
	2005	11	2	0	311	0	
	2005	12	1	0	2013	0	
	2005	12	2	0	334	0	
	2005	13	1	1	2100	0.0004761905	
	2005	13	2	0	329	0	
	2005	14	1	0	1607	0	
	2005	14	2	0	327	0	
	2005	15	1	0	1483	0	
	2005	15	2	0	357	0	
	2005	16	1	2	1161	0.001722653	
	2005	16	2	0	341	0	
	2005	17	1	4	796	0.005025126	
	2005	17	2	2	251	0.007968127	
	2005	18	1	4	326	0.01226994	
	2005	18	2	1	108	0.009259259	
	2005	19	1	1	72	0.01388889	
	2005	19	2	2	41	0.04878049	
	2005	20	1	2	14	0.1428571	
	2005	20	2	0	5	0	
	2006	1	1	0	64	0	
	2006	1	2	0	15	0	
	2006	2	1	0	30	0	
	2006	2	2	0	12	0	
	2006	3	1	0	32	0	
	2006	3	2	0	21	0	
	2006	4	1	0	240	0	
	2006	4	2	0	74	0	
	2006	5	1	0	435	0	
	2006	5	2	0	88	0	
	2006	6	1	0	458	0	
	2006	6	2	0	127	0	
	2006	7	1	0	606	0	
	2006	7	2	0	244	0	
	2006	8	1	0	861	0	
	2006	8	2	0	320	0	
	2006	9	1	0	1261	0	
	2006	9	2	0	347	0	
	2006	10	1	0	1356	0	
	2006	10	2	0	344	0	
	2006	11	1	0	1641	0	
	2006	11	2	0	312	0	
	2006	12	1	1	1951	0.0005125577	
	2006	12	2	0	330	0	
	2006	13	1	0	2100	0	
	2006	13	2	0	371	0	
	2006	14	1	3	1619	0.001852996	
	2006	14	2	0	337	0	
	2006	15	1	2	1490	0.001342282	
	2006	15	2	2	369	0.005420054	
	2006	16	1	2	1131	0.001768347	
	2006	16	2	3	323	0.009287926	
	2006	17	1	2	778	0.002570694	
	2006	17	2	2	253	0.007905138	
	2006	18	1	3	337	0.008902077	
	2006	18	2	1	119	0.008403361	
	2006	19	1	0	91	0	
	2006	19	2	1	34	0.02941176	
	2006	20	1	0	14	0	
	2006	20	2	0	10	0	
	2007	1	1	0	57	0	
	2007	1	2	0	19	0	
	2007	2	1	0	18	0	
	2007	2	2	0	11	0	
	2007	3	1	0	24	0	
	2007	3	2	0	14	0	
	2007	4	1	0	251	0	
	2007	4	2	0	54	0	
	2007	5	1	0	445	0	
	2007	5	2	0	86	0	
	2007	6	1	0	435	0	
	2007	6	2	0	132	0	
	2007	7	1	0	630	0	
	2007	7	2	0	204	0	
	2007	8	1	0	949	0	
	2007	8	2	0	344	0	
	2007	9	1	0	1270	0	
	2007	9	2	0	358	0	
	2007	10	1	0	1481	0	
	2007	10	2	0	389	0	
	2007	11	1	0	1642	0	
	2007	11	2	1	305	0.003278689	
	2007	12	1	0	1967	0	
	2007	12	2	0	343	0	
	2007	13	1	0	2198	0	
	2007	13	2	1	365	0.002739726	
	2007	14	1	2	1788	0.001118568	
	2007	14	2	1	352	0.002840909	
	2007	15	1	3	1498	0.00200267	
	2007	15	2	1	390	0.002564103	
	2007	16	1	3	1264	0.002373418	
	2007	16	2	1	323	0.003095975	
	2007	17	1	2	767	0.002607562	
	2007	17	2	2	291	0.006872852	
	2007	18	1	3	352	0.008522727	
	2007	18	2	4	137	0.02919708	
	2007	19	1	0	84	0	
	2007	19	2	1	38	0.02631579	
	2007	20	1	0	11	0	
	2007	20	2	0	14	0	
	2008	1	1	0	315	0	
	2008	1	2	0	84	0	
	2008	2	1	0	28	0	
	2008	2	2	0	13	0	
	2008	3	1	0	19	0	
	2008	3	2	0	17	0	
	2008	4	1	0	244	0	
	2008	4	2	0	63	0	
	2008	5	1	0	453	0	
	2008	5	2	0	118	0	
	2008	6	1	0	506	0	
	2008	6	2	0	154	0	
	2008	7	1	0	571	0	
	2008	7	2	0	243	0	
	2008	8	1	0	874	0	
	2008	8	2	0	364	0	
	2008	9	1	0	1329	0	
	2008	9	2	0	384	0	
	2008	10	1	0	1582	0	
	2008	10	2	0	421	0	
	2008	11	1	0	1732	0	
	2008	11	2	0	331	0	
	2008	12	1	1	2015	0.0004962779	
	2008	12	2	1	350	0.002857143	
	2008	13	1	2	2258	0.0008857396	
	2008	13	2	0	383	0	
	2008	14	1	1	1857	0.000538503	
	2008	14	2	0	387	0	
	2008	15	1	1	1534	0.0006518905	
	2008	15	2	1	368	0.002717391	
	2008	16	1	2	1222	0.001636661	
	2008	16	2	4	366	0.01092896	
	2008	17	1	6	829	0.007237636	
	2008	17	2	2	257	0.007782101	
	2008	18	1	2	372	0.005376344	
	2008	18	2	4	153	0.02614379	
	2008	19	1	1	94	0.0106383	
	2008	19	2	1	35	0.02857143	
	2008	20	1	0	17	0	
	2008	20	2	0	7	0	
	2009	1	1	0	299	0	
	2009	1	2	0	66	0	
	2009	2	1	0	23	0	
	2009	2	2	0	15	0	
	2009	3	1	0	30	0	
	2009	3	2	0	19	0	
	2009	4	1	0	251	0	
	2009	4	2	0	67	0	
	2009	5	1	0	411	0	
	2009	5	2	0	115	0	
	2009	6	1	0	471	0	
	2009	6	2	0	160	0	
	2009	7	1	0	552	0	
	2009	7	2	1	249	0.004016064	
	2009	8	1	0	817	0	
	2009	8	2	0	319	0	
	2009	9	1	0	1262	0	
	2009	9	2	0	371	0	
	2009	10	1	0	1567	0	
	2009	10	2	0	370	0	
	2009	11	1	0	1721	0	
	2009	11	2	0	375	0	
	2009	12	1	0	1948	0	
	2009	12	2	0	318	0	
	2009	13	1	0	2316	0	
	2009	13	2	0	427	0	
	2009	14	1	3	1961	0.001529832	
	2009	14	2	0	413	0	
	2009	15	1	2	1686	0.00118624	
	2009	15	2	1	378	0.002645503	
	2009	16	1	3	1274	0.002354788	
	2009	16	2	2	388	0.005154639	
	2009	17	1	5	844	0.005924171	
	2009	17	2	6	293	0.02047782	
	2009	18	1	2	364	0.005494505	
	2009	18	2	5	143	0.03496503	
	2009	19	1	1	89	0.01123596	
	2009	19	2	0	31	0	
	2009	20	1	2	12	0.1666667	
	2009	20	2	1	9	0.1111111	
	2010	1	1	0	302	0	
	2010	1	2	0	92	0	
	2010	2	1	0	23	0	
	2010	2	2	0	13	0	
	2010	3	1	0	21	0	
	2010	3	2	0	10	0	
	2010	4	1	0	225	0	
	2010	4	2	0	53	0	
	2010	5	1	0	430	0	
	2010	5	2	0	103	0	
	2010	6	1	0	451	0	
	2010	6	2	0	146	0	
	2010	7	1	0	585	0	
	2010	7	2	0	243	0	
	2010	8	1	0	803	0	
	2010	8	2	0	370	0	
	2010	9	1	0	1227	0	
	2010	9	2	0	403	0	
	2010	10	1	0	1588	0	
	2010	10	2	1	402	0.002487562	
	2010	11	1	0	1720	0	
	2010	11	2	0	338	0	
	2010	12	1	0	1832	0	
	2010	12	2	0	351	0	
	2010	13	1	1	2219	0.0004506534	
	2010	13	2	0	441	0	
	2010	14	1	1	2050	0.0004878049	
	2010	14	2	2	456	0.004385965	
	2010	15	1	0	1659	0	
	2010	15	2	0	391	0	
	2010	16	1	5	1279	0.003909304	
	2010	16	2	2	372	0.005376344	
	2010	17	1	2	857	0.002333722	
	2010	17	2	2	272	0.007352941	
	2010	18	1	2	338	0.00591716	
	2010	18	2	2	155	0.01290323	
	2010	19	1	1	93	0.01075269	
	2010	19	2	0	35	0	
	2010	20	1	1	13	0.07692308	
	2010	20	2	0	7	0	
	2011	1	1	0	278	0	
	2011	1	2	0	76	0	
	2011	2	1	0	29	0	
	2011	2	2	0	15	0	
	2011	3	1	0	21	0	
	2011	3	2	0	10	0	
	2011	4	1	0	228	0	
	2011	4	2	0	62	0	
	2011	5	1	0	412	0	
	2011	5	2	0	118	0	
	2011	6	1	0	487	0	
	2011	6	2	0	143	0	
	2011	7	1	0	570	0	
	2011	7	2	0	266	0	
	2011	8	1	0	770	0	
	2011	8	2	0	404	0	
	2011	9	1	0	1252	0	
	2011	9	2	0	447	0	
	2011	10	1	0	1584	0	
	2011	10	2	0	374	0	
	2011	11	1	0	1766	0	
	2011	11	2	0	386	0	
	2011	12	1	1	1969	0.000507872	
	2011	12	2	0	345	0	
	2011	13	1	1	2203	0.0004539265	
	2011	13	2	0	432	0	
	2011	14	1	0	2156	0	
	2011	14	2	0	462	0	
	2011	15	1	2	1606	0.00124533	
	2011	15	2	0	400	0	
	2011	16	1	2	1329	0.001504891	
	2011	16	2	2	427	0.004683841	
	2011	17	1	1	858	0.001165501	
	2011	17	2	6	279	0.02150538	
	2011	18	1	4	357	0.01120448	
	2011	18	2	1	136	0.007352941	
	2011	19	1	1	99	0.01010101	
	2011	19	2	1	42	0.02380952	
	2011	20	1	2	16	0.125	
	2011	20	2	1	16	0.0625	
	2012	1	1	0	322	0	
	2012	1	2	0	84	0	
	2012	2	1	0	19	0	
	2012	2	2	0	16	0	
	2012	3	1	0	19	0	
	2012	3	2	0	13	0	
	2012	4	1	1	213	0.004694836	
	2012	4	2	0	54	0	
	2012	5	1	0	425	0	
	2012	5	2	0	114	0	
	2012	6	1	0	444	0	
	2012	6	2	0	174	0	
	2012	7	1	0	563	0	
	2012	7	2	0	290	0	
	2012	8	1	0	846	0	
	2012	8	2	0	358	0	
	2012	9	1	1	1200	0.0008333333	
	2012	9	2	0	423	0	
	2012	10	1	0	1637	0	
	2012	10	2	0	458	0	
	2012	11	1	1	1842	0.0005428882	
	2012	11	2	0	396	0	
	2012	12	1	1	2032	0.000492126	
	2012	12	2	0	357	0	
	2012	13	1	1	2225	0.0004494382	
	2012	13	2	0	435	0	
	2012	14	1	2	2208	0.0009057971	
	2012	14	2	1	435	0.002298851	
	2012	15	1	2	1708	0.00117096	
	2012	15	2	0	421	0	
	2012	16	1	5	1413	0.00353857	
	2012	16	2	4	389	0.01028278	
	2012	17	1	5	867	0.005767013	
	2012	17	2	4	304	0.01315789	
	2012	18	1	3	361	0.008310249	
	2012	18	2	1	163	0.006134969	
	2012	19	1	0	97	0	
	2012	19	2	1	47	0.0212766	
	2012	20	1	0	7	0	
	2012	20	2	0	8	0	
	2013	1	1	0	288	0	
	2013	1	2	0	80	0	
	2013	2	1	0	33	0	
	2013	2	2	0	9	0	
	2013	3	1	0	25	0	
	2013	3	2	0	12	0	
	2013	4	1	0	192	0	
	2013	4	2	0	66	0	
	2013	5	1	0	397	0	
	2013	5	2	0	103	0	
	2013	6	1	0	473	0	
	2013	6	2	0	164	0	
	2013	7	1	0	620	0	
	2013	7	2	0	277	0	
	2013	8	1	0	790	0	
	2013	8	2	0	377	0	
	2013	9	1	0	1200	0	
	2013	9	2	0	424	0	
	2013	10	1	1	1752	0.0005707763	
	2013	10	2	0	433	0	
	2013	11	1	0	1969	0	
	2013	11	2	0	457	0	
	2013	12	1	1	2152	0.000464684	
	2013	12	2	0	368	0	
	2013	13	1	0	2225	0	
	2013	13	2	0	455	0	
	2013	14	1	3	2329	0.001288106	
	2013	14	2	0	461	0	
	2013	15	1	3	1779	0.001686341	
	2013	15	2	3	439	0.006833713	
	2013	16	1	3	1319	0.00227445	
	2013	16	2	0	388	0	
	2013	17	1	4	871	0.004592423	
	2013	17	2	4	324	0.01234568	
	2013	18	1	5	415	0.01204819	
	2013	18	2	1	185	0.005405405	
	2013	19	1	3	100	0.03	
	2013	19	2	2	47	0.04255319	
	2013	20	1	0	11	0	
	2013	20	2	0	8	0	

