
	G.3.1.M Hysterektomie bei gutartigen Erkrankungen (Alter >14), Mortalität // Hystérectomie pour affections bénignes (âge >14), mortalité // Isterectomia per malattie benigne (età >14), mortalità
	BAG/OFSP/UFSP - CH-IQI Version V4.0 - Daten 2013 - 27. Juli 2015

	Jahr	AltEGrp	Sex	DeathCH	CasesCH	pCH	
	1998	5	2	0	5	0	
	1998	6	2	0	35	0	
	1998	7	2	0	259	0	
	1998	8	1	0	2	0	
	1998	8	2	0	773	0	
	1998	9	1	0	1	0	
	1998	9	2	0	1279	0	
	1998	10	1	0	1	0	
	1998	10	2	0	1417	0	
	1998	11	1	0	1	0	
	1998	11	2	0	1005	0	
	1998	12	1	0	1	0	
	1998	12	2	0	510	0	
	1998	13	2	0	341	0	
	1998	14	1	0	1	0	
	1998	14	2	0	332	0	
	1998	15	2	0	270	0	
	1998	16	1	0	2	0	
	1998	16	2	1	196	0.005102041	
	1998	17	2	2	103	0.01941748	
	1998	18	1	1	1	1	
	1998	18	2	0	28	0	
	1998	19	2	0	3	0	
	1999	4	2	0	3	0	
	1999	5	2	0	4	0	
	1999	6	2	0	48	0	
	1999	7	1	0	2	0	
	1999	7	2	0	332	0	
	1999	8	2	0	1011	0	
	1999	9	1	0	4	0	
	1999	9	2	1	1723	0.0005803831	
	1999	10	2	0	1857	0	
	1999	11	1	0	4	0	
	1999	11	2	1	1347	0.0007423905	
	1999	12	1	0	1	0	
	1999	12	2	0	750	0	
	1999	13	1	0	4	0	
	1999	13	2	0	479	0	
	1999	14	1	0	2	0	
	1999	14	2	0	414	0	
	1999	15	2	1	333	0.003003003	
	1999	16	2	0	257	0	
	1999	17	2	0	107	0	
	1999	18	2	2	53	0.03773585	
	1999	19	2	0	3	0	
	2000	4	2	0	4	0	
	2000	5	2	0	2	0	
	2000	6	1	0	1	0	
	2000	6	2	0	42	0	
	2000	7	2	0	330	0	
	2000	8	2	1	1046	0.0009560229	
	2000	9	1	0	1	0	
	2000	9	2	0	1846	0	
	2000	10	1	0	1	0	
	2000	10	2	2	2003	0.0009985022	
	2000	11	2	1	1378	0.0007256894	
	2000	12	1	0	2	0	
	2000	12	2	1	800	0.00125	
	2000	13	2	2	554	0.003610108	
	2000	14	2	1	452	0.002212389	
	2000	15	2	0	403	0	
	2000	16	1	0	1	0	
	2000	16	2	0	298	0	
	2000	17	2	0	130	0	
	2000	18	1	0	1	0	
	2000	18	2	0	51	0	
	2000	19	2	1	8	0.125	
	2000	20	2	1	2	0.5	
	2001	5	2	0	3	0	
	2001	6	1	0	1	0	
	2001	6	2	0	64	0	
	2001	7	2	0	356	0	
	2001	8	1	0	3	0	
	2001	8	2	0	1180	0	
	2001	9	1	0	2	0	
	2001	9	2	0	2096	0	
	2001	10	2	0	2166	0	
	2001	11	1	0	1	0	
	2001	11	2	1	1482	0.0006747638	
	2001	12	1	0	3	0	
	2001	12	2	0	817	0	
	2001	13	2	0	583	0	
	2001	14	2	1	469	0.002132196	
	2001	15	2	0	411	0	
	2001	16	2	1	313	0.003194888	
	2001	17	2	1	143	0.006993007	
	2001	18	2	0	47	0	
	2001	19	2	0	9	0	
	2002	4	2	0	2	0	
	2002	5	2	0	7	0	
	2002	6	2	0	50	0	
	2002	7	1	0	1	0	
	2002	7	2	0	358	0	
	2002	8	2	1	1182	0.0008460237	
	2002	9	1	0	1	0	
	2002	9	2	1	2172	0.0004604052	
	2002	10	1	0	1	0	
	2002	10	2	0	2399	0	
	2002	11	1	0	1	0	
	2002	11	2	0	1524	0	
	2002	12	2	0	816	0	
	2002	13	2	1	573	0.001745201	
	2002	14	1	0	1	0	
	2002	14	2	0	559	0	
	2002	15	2	0	468	0	
	2002	16	1	0	1	0	
	2002	16	2	0	358	0	
	2002	17	2	1	164	0.006097561	
	2002	18	2	1	62	0.01612903	
	2002	19	2	0	12	0	
	2003	4	2	0	1	0	
	2003	5	2	0	10	0	
	2003	6	2	0	59	0	
	2003	7	2	0	302	0	
	2003	8	1	0	1	0	
	2003	8	2	0	1174	0	
	2003	9	2	0	2120	0	
	2003	10	1	0	1	0	
	2003	10	2	0	2219	0	
	2003	11	1	0	1	0	
	2003	11	2	0	1342	0	
	2003	12	1	0	2	0	
	2003	12	2	0	763	0	
	2003	13	2	1	572	0.001748252	
	2003	14	2	0	492	0	
	2003	15	1	0	1	0	
	2003	15	2	2	455	0.004395604	
	2003	16	2	2	365	0.005479452	
	2003	17	2	1	168	0.005952381	
	2003	18	2	0	48	0	
	2003	19	2	2	11	0.1818182	
	2003	20	2	0	1	0	
	2004	4	2	0	2	0	
	2004	5	1	0	1	0	
	2004	5	2	0	5	0	
	2004	6	2	0	51	0	
	2004	7	2	2	284	0.007042254	
	2004	8	1	0	2	0	
	2004	8	2	0	1142	0	
	2004	9	2	0	2265	0	
	2004	10	2	0	2471	0	
	2004	11	2	0	1459	0	
	2004	12	2	0	750	0	
	2004	13	1	0	1	0	
	2004	13	2	0	493	0	
	2004	14	2	0	500	0	
	2004	15	1	0	1	0	
	2004	15	2	1	466	0.002145923	
	2004	16	2	0	346	0	
	2004	17	2	2	183	0.01092896	
	2004	18	2	0	60	0	
	2004	19	2	0	14	0	
	2004	20	2	0	1	0	
	2005	5	2	0	17	0	
	2005	6	2	0	59	0	
	2005	7	2	0	251	0	
	2005	8	2	1	995	0.001005025	
	2005	9	2	0	2209	0	
	2005	10	2	1	2452	0.0004078303	
	2005	11	2	2	1364	0.001466276	
	2005	12	2	0	691	0	
	2005	13	2	0	565	0	
	2005	14	2	1	481	0.002079002	
	2005	15	2	0	416	0	
	2005	16	2	0	320	0	
	2005	17	2	1	183	0.005464481	
	2005	18	2	2	55	0.03636364	
	2005	19	2	0	16	0	
	2005	20	2	0	3	0	
	2006	4	2	0	2	0	
	2006	5	2	0	2	0	
	2006	6	2	0	48	0	
	2006	7	2	0	232	0	
	2006	8	2	0	935	0	
	2006	9	2	0	2170	0	
	2006	10	2	0	2413	0	
	2006	11	2	1	1322	0.0007564297	
	2006	12	2	1	689	0.001451379	
	2006	13	2	0	601	0	
	2006	14	2	0	481	0	
	2006	15	2	1	386	0.002590674	
	2006	16	2	0	324	0	
	2006	17	2	0	201	0	
	2006	18	2	1	65	0.01538462	
	2006	19	2	1	11	0.09090909	
	2006	20	2	0	1	0	
	2007	4	2	0	5	0	
	2007	5	2	0	5	0	
	2007	6	2	1	45	0.02222222	
	2007	7	2	1	238	0.004201681	
	2007	8	2	0	974	0	
	2007	9	2	0	2281	0	
	2007	10	2	0	2521	0	
	2007	11	2	0	1379	0	
	2007	12	2	0	696	0	
	2007	13	2	0	562	0	
	2007	14	2	0	478	0	
	2007	15	2	0	454	0	
	2007	16	2	0	330	0	
	2007	17	2	1	164	0.006097561	
	2007	18	2	0	55	0	
	2007	19	2	0	11	0	
	2007	20	2	0	2	0	
	2008	5	2	0	5	0	
	2008	6	2	0	30	0	
	2008	7	2	0	198	0	
	2008	8	2	0	862	0	
	2008	9	1	0	1	0	
	2008	9	2	0	2061	0	
	2008	10	2	0	2386	0	
	2008	11	2	0	1296	0	
	2008	12	2	0	674	0	
	2008	13	2	0	548	0	
	2008	14	2	0	498	0	
	2008	15	2	0	392	0	
	2008	16	2	0	327	0	
	2008	17	2	0	179	0	
	2008	18	2	1	59	0.01694915	
	2008	19	2	0	8	0	
	2008	20	2	0	1	0	
	2009	4	2	0	1	0	
	2009	5	2	0	5	0	
	2009	6	2	0	47	0	
	2009	7	2	0	221	0	
	2009	8	1	0	1	0	
	2009	8	2	0	845	0	
	2009	9	2	0	2181	0	
	2009	10	1	0	1	0	
	2009	10	2	0	2649	0	
	2009	11	2	0	1457	0	
	2009	12	2	0	696	0	
	2009	13	2	0	646	0	
	2009	14	2	0	509	0	
	2009	15	2	0	411	0	
	2009	16	2	1	335	0.002985075	
	2009	17	2	3	210	0.01428571	
	2009	18	2	3	60	0.05	
	2009	19	2	2	14	0.1428571	
	2009	20	2	0	1	0	
	2010	4	1	0	2	0	
	2010	4	2	0	3	0	
	2010	5	1	0	2	0	
	2010	5	2	0	6	0	
	2010	6	1	0	3	0	
	2010	6	2	1	37	0.02702703	
	2010	7	2	0	193	0	
	2010	8	2	0	791	0	
	2010	9	1	0	1	0	
	2010	9	2	0	2133	0	
	2010	10	1	0	1	0	
	2010	10	2	0	2654	0	
	2010	11	2	0	1468	0	
	2010	12	2	1	686	0.001457726	
	2010	13	2	0	616	0	
	2010	14	2	0	530	0	
	2010	15	2	0	452	0	
	2010	16	2	1	339	0.002949853	
	2010	17	2	2	216	0.009259259	
	2010	18	2	0	64	0	
	2010	19	2	0	9	0	
	2010	20	2	0	1	0	
	2011	4	2	0	1	0	
	2011	5	2	0	3	0	
	2011	6	2	0	48	0	
	2011	7	2	0	204	0	
	2011	8	2	0	794	0	
	2011	9	1	0	1	0	
	2011	9	2	1	1994	0.0005015045	
	2011	10	1	0	1	0	
	2011	10	2	0	2648	0	
	2011	11	2	0	1437	0	
	2011	12	2	0	672	0	
	2011	13	2	0	641	0	
	2011	14	2	0	560	0	
	2011	15	2	1	453	0.002207506	
	2011	16	2	0	355	0	
	2011	17	2	0	182	0	
	2011	18	2	1	67	0.01492537	
	2011	19	2	1	11	0.09090909	
	2012	4	1	0	1	0	
	2012	4	2	0	2	0	
	2012	5	1	0	4	0	
	2012	5	2	0	6	0	
	2012	6	1	0	3	0	
	2012	6	2	0	31	0	
	2012	7	1	0	1	0	
	2012	7	2	0	185	0	
	2012	8	1	0	1	0	
	2012	8	2	0	742	0	
	2012	9	2	0	1974	0	
	2012	10	1	0	1	0	
	2012	10	2	0	2620	0	
	2012	11	2	0	1507	0	
	2012	12	2	0	704	0	
	2012	13	2	0	645	0	
	2012	14	2	0	549	0	
	2012	15	2	0	490	0	
	2012	16	2	0	313	0	
	2012	17	2	1	206	0.004854369	
	2012	18	2	0	70	0	
	2012	19	2	0	9	0	
	2013	4	2	0	4	0	
	2013	5	1	0	1	0	
	2013	5	2	0	6	0	
	2013	6	1	0	2	0	
	2013	6	2	0	45	0	
	2013	7	1	0	1	0	
	2013	7	2	0	226	0	
	2013	8	1	0	2	0	
	2013	8	2	0	769	0	
	2013	9	1	0	2	0	
	2013	9	2	0	1933	0	
	2013	10	2	0	2669	0	
	2013	11	2	0	1475	0	
	2013	12	2	0	674	0	
	2013	13	2	0	608	0	
	2013	14	2	0	583	0	
	2013	15	2	0	433	0	
	2013	16	2	0	346	0	
	2013	17	2	2	182	0.01098901	
	2013	18	2	0	60	0	
	2013	19	2	1	10	0.1	
	2013	20	2	0	1	0	

