
	E.5.5.M HD Ulcus von Magen, Duodenum oder Jejunum, ohne Tumor, Mortalität // DP ulcère de l’estomac, du duodénum ou du jéjunum, sans tumeur, mortalité // DP ulcera gastrica, duodenale o digiunale, senza tumore, mortalità
	BAG/OFSP/UFSP - CH-IQI Version V4.0 - Daten 2013 - 27. Juli 2015

	Jahr	AltEGrp	Sex	DeathCH	CasesCH	pCH	
	1998	1	2	0	1	0	
	1998	2	2	0	2	0	
	1998	3	2	0	2	0	
	1998	4	1	0	4	0	
	1998	4	2	0	5	0	
	1998	5	1	0	16	0	
	1998	5	2	0	4	0	
	1998	6	1	0	19	0	
	1998	6	2	0	2	0	
	1998	7	1	0	31	0	
	1998	7	2	0	11	0	
	1998	8	1	0	34	0	
	1998	8	2	0	10	0	
	1998	9	1	1	54	0.01851852	
	1998	9	2	0	15	0	
	1998	10	1	0	55	0	
	1998	10	2	0	33	0	
	1998	11	1	1	70	0.01428571	
	1998	11	2	1	31	0.03225806	
	1998	12	1	2	76	0.02631579	
	1998	12	2	1	51	0.01960784	
	1998	13	1	3	81	0.03703704	
	1998	13	2	0	52	0	
	1998	14	1	0	74	0	
	1998	14	2	1	62	0.01612903	
	1998	15	1	1	92	0.01086957	
	1998	15	2	3	86	0.03488372	
	1998	16	1	9	119	0.07563025	
	1998	16	2	5	125	0.04	
	1998	17	1	4	79	0.05063291	
	1998	17	2	4	128	0.03125	
	1998	18	1	0	57	0	
	1998	18	2	10	117	0.08547009	
	1998	19	1	4	20	0.2	
	1998	19	2	5	53	0.09433962	
	1998	20	1	0	2	0	
	1998	20	2	0	5	0	
	1999	1	1	0	1	0	
	1999	2	1	0	2	0	
	1999	2	2	0	1	0	
	1999	3	1	0	2	0	
	1999	3	2	0	1	0	
	1999	4	1	0	6	0	
	1999	4	2	0	2	0	
	1999	5	1	0	21	0	
	1999	5	2	0	5	0	
	1999	6	1	0	30	0	
	1999	6	2	0	11	0	
	1999	7	1	0	42	0	
	1999	7	2	0	14	0	
	1999	8	1	0	60	0	
	1999	8	2	0	25	0	
	1999	9	1	0	65	0	
	1999	9	2	0	27	0	
	1999	10	1	0	71	0	
	1999	10	2	0	38	0	
	1999	11	1	0	99	0	
	1999	11	2	1	49	0.02040816	
	1999	12	1	1	81	0.01234568	
	1999	12	2	0	50	0	
	1999	13	1	4	102	0.03921569	
	1999	13	2	1	33	0.03030303	
	1999	14	1	2	83	0.02409639	
	1999	14	2	0	80	0	
	1999	15	1	7	119	0.05882353	
	1999	15	2	5	102	0.04901961	
	1999	16	1	5	130	0.03846154	
	1999	16	2	13	146	0.0890411	
	1999	17	1	11	116	0.09482759	
	1999	17	2	5	144	0.03472222	
	1999	18	1	6	66	0.09090909	
	1999	18	2	8	153	0.05228758	
	1999	19	1	4	26	0.1538462	
	1999	19	2	11	53	0.2075472	
	1999	20	1	2	5	0.4	
	1999	20	2	2	13	0.1538462	
	2000	1	1	0	2	0	
	2000	2	1	0	3	0	
	2000	2	2	0	2	0	
	2000	3	1	0	2	0	
	2000	3	2	0	3	0	
	2000	4	1	0	11	0	
	2000	4	2	0	4	0	
	2000	5	1	0	18	0	
	2000	5	2	0	7	0	
	2000	6	1	0	19	0	
	2000	6	2	0	13	0	
	2000	7	1	1	37	0.02702703	
	2000	7	2	0	21	0	
	2000	8	1	2	46	0.04347826	
	2000	8	2	0	21	0	
	2000	9	1	0	60	0	
	2000	9	2	0	27	0	
	2000	10	1	1	91	0.01098901	
	2000	10	2	0	41	0	
	2000	11	1	1	73	0.01369863	
	2000	11	2	1	52	0.01923077	
	2000	12	1	6	94	0.06382979	
	2000	12	2	0	54	0	
	2000	13	1	2	80	0.025	
	2000	13	2	6	54	0.1111111	
	2000	14	1	1	109	0.009174312	
	2000	14	2	2	55	0.03636364	
	2000	15	1	2	120	0.01666667	
	2000	15	2	8	112	0.07142857	
	2000	16	1	5	125	0.04	
	2000	16	2	9	170	0.05294118	
	2000	17	1	13	115	0.1130435	
	2000	17	2	16	182	0.08791209	
	2000	18	1	14	71	0.1971831	
	2000	18	2	17	150	0.1133333	
	2000	19	1	6	28	0.2142857	
	2000	19	2	3	57	0.05263158	
	2000	20	1	2	4	0.5	
	2000	20	2	2	12	0.1666667	
	2001	1	1	0	3	0	
	2001	2	2	0	1	0	
	2001	3	1	0	1	0	
	2001	3	2	0	1	0	
	2001	4	1	0	7	0	
	2001	4	2	0	3	0	
	2001	5	1	1	23	0.04347826	
	2001	5	2	0	7	0	
	2001	6	1	0	31	0	
	2001	6	2	0	4	0	
	2001	7	1	0	24	0	
	2001	7	2	0	15	0	
	2001	8	1	0	68	0	
	2001	8	2	0	27	0	
	2001	9	1	1	78	0.01282051	
	2001	9	2	0	31	0	
	2001	10	1	0	71	0	
	2001	10	2	0	32	0	
	2001	11	1	1	86	0.01162791	
	2001	11	2	0	29	0	
	2001	12	1	2	106	0.01886792	
	2001	12	2	1	49	0.02040816	
	2001	13	1	4	101	0.03960396	
	2001	13	2	4	60	0.06666667	
	2001	14	1	7	116	0.06034483	
	2001	14	2	2	69	0.02898551	
	2001	15	1	4	109	0.03669725	
	2001	15	2	6	105	0.05714286	
	2001	16	1	9	129	0.06976744	
	2001	16	2	8	173	0.04624277	
	2001	17	1	12	108	0.1111111	
	2001	17	2	9	206	0.04368932	
	2001	18	1	7	83	0.08433735	
	2001	18	2	24	180	0.1333333	
	2001	19	1	4	20	0.2	
	2001	19	2	14	68	0.2058824	
	2001	20	1	1	3	0.3333333	
	2001	20	2	4	21	0.1904762	
	2002	1	1	0	2	0	
	2002	2	1	0	2	0	
	2002	3	1	0	1	0	
	2002	3	2	0	3	0	
	2002	4	1	0	15	0	
	2002	4	2	0	6	0	
	2002	5	1	0	19	0	
	2002	5	2	0	13	0	
	2002	6	1	0	30	0	
	2002	6	2	0	8	0	
	2002	7	1	0	22	0	
	2002	7	2	0	11	0	
	2002	8	1	0	38	0	
	2002	8	2	0	15	0	
	2002	9	1	0	60	0	
	2002	9	2	0	38	0	
	2002	10	1	3	71	0.04225352	
	2002	10	2	0	44	0	
	2002	11	1	1	83	0.01204819	
	2002	11	2	1	48	0.02083333	
	2002	12	1	3	115	0.02608696	
	2002	12	2	1	66	0.01515152	
	2002	13	1	2	85	0.02352941	
	2002	13	2	2	57	0.03508772	
	2002	14	1	3	103	0.02912621	
	2002	14	2	1	78	0.01282051	
	2002	15	1	8	126	0.06349206	
	2002	15	2	2	108	0.01851852	
	2002	16	1	5	134	0.03731343	
	2002	16	2	11	208	0.05288462	
	2002	17	1	14	139	0.1007194	
	2002	17	2	23	201	0.1144279	
	2002	18	1	11	72	0.1527778	
	2002	18	2	14	184	0.07608696	
	2002	19	1	3	23	0.1304348	
	2002	19	2	4	64	0.0625	
	2002	20	1	2	6	0.3333333	
	2002	20	2	2	15	0.1333333	
	2003	1	1	0	1	0	
	2003	1	2	0	1	0	
	2003	2	1	0	1	0	
	2003	2	2	0	1	0	
	2003	3	1	0	4	0	
	2003	3	2	1	4	0.25	
	2003	4	1	0	9	0	
	2003	4	2	0	4	0	
	2003	5	1	0	37	0	
	2003	5	2	0	4	0	
	2003	6	1	0	32	0	
	2003	6	2	0	12	0	
	2003	7	1	0	29	0	
	2003	7	2	0	16	0	
	2003	8	1	1	44	0.02272727	
	2003	8	2	0	20	0	
	2003	9	1	0	60	0	
	2003	9	2	0	31	0	
	2003	10	1	0	64	0	
	2003	10	2	0	28	0	
	2003	11	1	0	94	0	
	2003	11	2	0	37	0	
	2003	12	1	0	106	0	
	2003	12	2	1	54	0.01851852	
	2003	13	1	2	92	0.02173913	
	2003	13	2	2	56	0.03571429	
	2003	14	1	3	96	0.03125	
	2003	14	2	3	83	0.03614458	
	2003	15	1	5	107	0.04672897	
	2003	15	2	7	106	0.06603774	
	2003	16	1	10	128	0.078125	
	2003	16	2	6	153	0.03921569	
	2003	17	1	7	138	0.05072464	
	2003	17	2	15	210	0.07142857	
	2003	18	1	13	73	0.1780822	
	2003	18	2	11	145	0.07586207	
	2003	19	1	3	34	0.08823529	
	2003	19	2	15	75	0.2	
	2003	20	1	0	4	0	
	2003	20	2	2	7	0.2857143	
	2004	1	1	0	2	0	
	2004	2	1	0	2	0	
	2004	3	1	0	2	0	
	2004	3	2	0	1	0	
	2004	4	1	0	7	0	
	2004	4	2	0	8	0	
	2004	5	1	0	22	0	
	2004	5	2	0	14	0	
	2004	6	1	0	40	0	
	2004	6	2	0	14	0	
	2004	7	1	0	49	0	
	2004	7	2	0	16	0	
	2004	8	1	0	42	0	
	2004	8	2	1	25	0.04	
	2004	9	1	0	44	0	
	2004	9	2	0	32	0	
	2004	10	1	1	59	0.01694915	
	2004	10	2	1	44	0.02272727	
	2004	11	1	2	98	0.02040816	
	2004	11	2	3	61	0.04918033	
	2004	12	1	4	101	0.03960396	
	2004	12	2	3	47	0.06382979	
	2004	13	1	4	95	0.04210526	
	2004	13	2	2	60	0.03333333	
	2004	14	1	2	95	0.02105263	
	2004	14	2	2	69	0.02898551	
	2004	15	1	11	133	0.08270677	
	2004	15	2	4	113	0.03539823	
	2004	16	1	9	131	0.06870229	
	2004	16	2	3	175	0.01714286	
	2004	17	1	9	129	0.06976744	
	2004	17	2	17	206	0.08252427	
	2004	18	1	5	67	0.07462687	
	2004	18	2	17	167	0.1017964	
	2004	19	1	3	24	0.125	
	2004	19	2	12	62	0.1935484	
	2004	20	1	0	3	0	
	2004	20	2	0	5	0	
	2005	2	2	0	1	0	
	2005	3	1	0	3	0	
	2005	3	2	0	1	0	
	2005	4	1	0	12	0	
	2005	4	2	0	6	0	
	2005	5	1	0	24	0	
	2005	5	2	0	6	0	
	2005	6	1	0	37	0	
	2005	6	2	0	3	0	
	2005	7	1	0	26	0	
	2005	7	2	0	12	0	
	2005	8	1	0	45	0	
	2005	8	2	0	19	0	
	2005	9	1	1	66	0.01515152	
	2005	9	2	1	35	0.02857143	
	2005	10	1	1	104	0.009615385	
	2005	10	2	0	38	0	
	2005	11	1	1	95	0.01052632	
	2005	11	2	0	37	0	
	2005	12	1	4	94	0.04255319	
	2005	12	2	1	48	0.02083333	
	2005	13	1	4	120	0.03333333	
	2005	13	2	0	55	0	
	2005	14	1	6	128	0.046875	
	2005	14	2	2	93	0.02150538	
	2005	15	1	7	126	0.05555556	
	2005	15	2	4	110	0.03636364	
	2005	16	1	7	122	0.05737705	
	2005	16	2	7	167	0.04191617	
	2005	17	1	13	149	0.08724832	
	2005	17	2	21	231	0.09090909	
	2005	18	1	9	86	0.1046512	
	2005	18	2	15	157	0.0955414	
	2005	19	1	3	37	0.08108108	
	2005	19	2	14	68	0.2058824	
	2005	20	1	0	3	0	
	2005	20	2	3	10	0.3	
	2006	1	1	0	1	0	
	2006	3	1	0	1	0	
	2006	3	2	1	3	0.3333333	
	2006	4	1	0	9	0	
	2006	4	2	0	4	0	
	2006	5	1	0	24	0	
	2006	5	2	0	5	0	
	2006	6	1	0	30	0	
	2006	6	2	0	8	0	
	2006	7	1	0	42	0	
	2006	7	2	0	27	0	
	2006	8	1	0	37	0	
	2006	8	2	0	17	0	
	2006	9	1	0	54	0	
	2006	9	2	0	29	0	
	2006	10	1	0	63	0	
	2006	10	2	0	28	0	
	2006	11	1	1	86	0.01162791	
	2006	11	2	2	50	0.04	
	2006	12	1	2	105	0.01904762	
	2006	12	2	1	58	0.01724138	
	2006	13	1	5	106	0.04716981	
	2006	13	2	2	62	0.03225806	
	2006	14	1	4	104	0.03846154	
	2006	14	2	3	78	0.03846154	
	2006	15	1	8	118	0.06779661	
	2006	15	2	6	109	0.05504587	
	2006	16	1	8	134	0.05970149	
	2006	16	2	14	192	0.07291667	
	2006	17	1	8	133	0.06015038	
	2006	17	2	20	224	0.08928571	
	2006	18	1	6	89	0.06741573	
	2006	18	2	16	158	0.1012658	
	2006	19	1	8	40	0.2	
	2006	19	2	14	58	0.2413793	
	2006	20	1	1	4	0.25	
	2006	20	2	3	16	0.1875	
	2007	1	1	0	3	0	
	2007	2	1	0	1	0	
	2007	3	1	0	4	0	
	2007	3	2	0	1	0	
	2007	4	1	0	11	0	
	2007	4	2	0	2	0	
	2007	5	1	0	25	0	
	2007	5	2	0	6	0	
	2007	6	1	0	36	0	
	2007	6	2	0	11	0	
	2007	7	1	0	30	0	
	2007	7	2	0	11	0	
	2007	8	1	2	51	0.03921569	
	2007	8	2	0	25	0	
	2007	9	1	1	56	0.01785714	
	2007	9	2	0	29	0	
	2007	10	1	0	89	0	
	2007	10	2	1	43	0.02325581	
	2007	11	1	0	97	0	
	2007	11	2	2	43	0.04651163	
	2007	12	1	0	102	0	
	2007	12	2	2	40	0.05	
	2007	13	1	5	127	0.03937008	
	2007	13	2	4	66	0.06060606	
	2007	14	1	2	132	0.01515152	
	2007	14	2	2	79	0.02531646	
	2007	15	1	4	138	0.02898551	
	2007	15	2	5	108	0.0462963	
	2007	16	1	8	147	0.05442177	
	2007	16	2	1	153	0.006535948	
	2007	17	1	10	129	0.07751938	
	2007	17	2	10	209	0.04784689	
	2007	18	1	6	96	0.0625	
	2007	18	2	21	217	0.09677419	
	2007	19	1	8	26	0.3076923	
	2007	19	2	12	66	0.1818182	
	2007	20	1	2	5	0.4	
	2007	20	2	6	17	0.3529412	
	2008	1	1	0	1	0	
	2008	1	2	0	1	0	
	2008	2	1	0	1	0	
	2008	2	2	0	1	0	
	2008	3	1	0	3	0	
	2008	3	2	0	3	0	
	2008	4	1	0	15	0	
	2008	4	2	0	5	0	
	2008	5	1	0	19	0	
	2008	5	2	0	10	0	
	2008	6	1	0	37	0	
	2008	6	2	0	4	0	
	2008	7	1	0	35	0	
	2008	7	2	0	8	0	
	2008	8	1	0	41	0	
	2008	8	2	0	17	0	
	2008	9	1	0	72	0	
	2008	9	2	0	36	0	
	2008	10	1	0	84	0	
	2008	10	2	0	37	0	
	2008	11	1	0	85	0	
	2008	11	2	0	61	0	
	2008	12	1	2	105	0.01904762	
	2008	12	2	1	51	0.01960784	
	2008	13	1	1	120	0.008333333	
	2008	13	2	1	62	0.01612903	
	2008	14	1	3	112	0.02678571	
	2008	14	2	3	72	0.04166667	
	2008	15	1	3	138	0.02173913	
	2008	15	2	5	126	0.03968254	
	2008	16	1	11	157	0.07006369	
	2008	16	2	8	186	0.04301075	
	2008	17	1	10	169	0.0591716	
	2008	17	2	16	226	0.07079646	
	2008	18	1	15	88	0.1704545	
	2008	18	2	13	180	0.07222222	
	2008	19	1	7	33	0.2121212	
	2008	19	2	9	61	0.147541	
	2008	20	1	1	3	0.3333333	
	2008	20	2	3	6	0.5	
	2009	1	1	0	1	0	
	2009	2	1	0	1	0	
	2009	2	2	0	3	0	
	2009	3	1	0	2	0	
	2009	3	2	0	4	0	
	2009	4	1	0	17	0	
	2009	4	2	0	4	0	
	2009	5	1	0	41	0	
	2009	5	2	0	5	0	
	2009	6	1	0	36	0	
	2009	6	2	0	16	0	
	2009	7	1	0	29	0	
	2009	7	2	0	18	0	
	2009	8	1	0	51	0	
	2009	8	2	0	17	0	
	2009	9	1	1	58	0.01724138	
	2009	9	2	0	38	0	
	2009	10	1	0	72	0	
	2009	10	2	0	36	0	
	2009	11	1	0	95	0	
	2009	11	2	1	49	0.02040816	
	2009	12	1	0	74	0	
	2009	12	2	2	57	0.03508772	
	2009	13	1	4	102	0.03921569	
	2009	13	2	3	63	0.04761905	
	2009	14	1	3	118	0.02542373	
	2009	14	2	4	90	0.04444444	
	2009	15	1	8	156	0.05128205	
	2009	15	2	0	123	0	
	2009	16	1	7	141	0.04964539	
	2009	16	2	11	156	0.07051282	
	2009	17	1	14	155	0.09032258	
	2009	17	2	16	192	0.08333333	
	2009	18	1	11	83	0.1325301	
	2009	18	2	20	182	0.1098901	
	2009	19	1	2	24	0.08333333	
	2009	19	2	5	50	0.1	
	2009	20	1	2	12	0.1666667	
	2009	20	2	1	9	0.1111111	
	2010	1	2	0	1	0	
	2010	2	1	0	3	0	
	2010	3	1	0	1	0	
	2010	3	2	0	3	0	
	2010	4	1	0	20	0	
	2010	4	2	0	4	0	
	2010	5	1	0	33	0	
	2010	5	2	0	5	0	
	2010	6	1	0	34	0	
	2010	6	2	0	14	0	
	2010	7	1	0	32	0	
	2010	7	2	0	11	0	
	2010	8	1	0	45	0	
	2010	8	2	0	20	0	
	2010	9	1	0	64	0	
	2010	9	2	0	24	0	
	2010	10	1	0	76	0	
	2010	10	2	1	41	0.02439024	
	2010	11	1	1	97	0.01030928	
	2010	11	2	2	49	0.04081633	
	2010	12	1	0	101	0	
	2010	12	2	1	52	0.01923077	
	2010	13	1	2	122	0.01639344	
	2010	13	2	2	66	0.03030303	
	2010	14	1	5	123	0.04065041	
	2010	14	2	2	83	0.02409639	
	2010	15	1	5	145	0.03448276	
	2010	15	2	3	95	0.03157895	
	2010	16	1	5	155	0.03225806	
	2010	16	2	11	175	0.06285714	
	2010	17	1	19	163	0.1165644	
	2010	17	2	15	241	0.06224066	
	2010	18	1	10	117	0.08547009	
	2010	18	2	12	211	0.05687204	
	2010	19	1	4	34	0.1176471	
	2010	19	2	5	84	0.05952381	
	2010	20	1	0	4	0	
	2010	20	2	2	13	0.1538462	
	2011	1	1	0	1	0	
	2011	1	2	0	1	0	
	2011	3	1	0	3	0	
	2011	3	2	0	1	0	
	2011	4	1	0	11	0	
	2011	4	2	0	4	0	
	2011	5	1	0	31	0	
	2011	5	2	0	8	0	
	2011	6	1	0	23	0	
	2011	6	2	0	14	0	
	2011	7	1	0	31	0	
	2011	7	2	0	17	0	
	2011	8	1	1	44	0.02272727	
	2011	8	2	0	23	0	
	2011	9	1	0	51	0	
	2011	9	2	1	19	0.05263158	
	2011	10	1	1	99	0.01010101	
	2011	10	2	0	38	0	
	2011	11	1	1	78	0.01282051	
	2011	11	2	1	51	0.01960784	
	2011	12	1	0	119	0	
	2011	12	2	2	57	0.03508772	
	2011	13	1	1	158	0.006329114	
	2011	13	2	1	69	0.01449275	
	2011	14	1	1	159	0.006289308	
	2011	14	2	5	86	0.05813953	
	2011	15	1	4	147	0.02721088	
	2011	15	2	3	116	0.02586207	
	2011	16	1	12	164	0.07317073	
	2011	16	2	7	143	0.04895105	
	2011	17	1	7	166	0.04216867	
	2011	17	2	10	201	0.04975124	
	2011	18	1	15	126	0.1190476	
	2011	18	2	15	188	0.07978723	
	2011	19	1	4	52	0.07692308	
	2011	19	2	8	81	0.09876543	
	2011	20	1	0	7	0	
	2011	20	2	4	14	0.2857143	
	2012	1	1	0	1	0	
	2012	1	2	0	1	0	
	2012	2	1	0	1	0	
	2012	3	1	0	1	0	
	2012	4	1	0	18	0	
	2012	4	2	0	5	0	
	2012	5	1	0	24	0	
	2012	5	2	0	9	0	
	2012	6	1	0	34	0	
	2012	6	2	0	11	0	
	2012	7	1	0	36	0	
	2012	7	2	0	17	0	
	2012	8	1	0	39	0	
	2012	8	2	0	13	0	
	2012	9	1	1	56	0.01785714	
	2012	9	2	0	29	0	
	2012	10	1	1	93	0.01075269	
	2012	10	2	0	43	0	
	2012	11	1	0	92	0	
	2012	11	2	1	51	0.01960784	
	2012	12	1	3	120	0.025	
	2012	12	2	1	51	0.01960784	
	2012	13	1	3	138	0.02173913	
	2012	13	2	2	66	0.03030303	
	2012	14	1	5	150	0.03333333	
	2012	14	2	2	90	0.02222222	
	2012	15	1	4	173	0.02312139	
	2012	15	2	2	130	0.01538462	
	2012	16	1	10	192	0.05208333	
	2012	16	2	7	195	0.03589744	
	2012	17	1	12	182	0.06593407	
	2012	17	2	11	221	0.04977376	
	2012	18	1	15	150	0.1	
	2012	18	2	11	181	0.06077348	
	2012	19	1	8	46	0.173913	
	2012	19	2	8	100	0.08	
	2012	20	1	3	6	0.5	
	2012	20	2	1	13	0.07692308	
	2013	1	1	0	1	0	
	2013	1	2	0	1	0	
	2013	2	1	0	5	0	
	2013	3	1	0	1	0	
	2013	3	2	0	2	0	
	2013	4	1	0	16	0	
	2013	4	2	0	2	0	
	2013	5	1	0	33	0	
	2013	5	2	0	7	0	
	2013	6	1	0	32	0	
	2013	6	2	0	15	0	
	2013	7	1	0	31	0	
	2013	7	2	0	13	0	
	2013	8	1	0	43	0	
	2013	8	2	0	14	0	
	2013	9	1	0	52	0	
	2013	9	2	0	30	0	
	2013	10	1	0	66	0	
	2013	10	2	0	38	0	
	2013	11	1	2	87	0.02298851	
	2013	11	2	1	44	0.02272727	
	2013	12	1	2	78	0.02564103	
	2013	12	2	0	33	0	
	2013	13	1	2	129	0.01550388	
	2013	13	2	0	38	0	
	2013	14	1	8	147	0.05442177	
	2013	14	2	2	73	0.02739726	
	2013	15	1	3	130	0.02307692	
	2013	15	2	5	113	0.04424779	
	2013	16	1	10	186	0.05376344	
	2013	16	2	4	173	0.02312139	
	2013	17	1	12	173	0.06936416	
	2013	17	2	16	216	0.07407407	
	2013	18	1	8	133	0.06015038	
	2013	18	2	18	222	0.08108108	
	2013	19	1	9	50	0.18	
	2013	19	2	9	85	0.1058824	
	2013	20	1	0	11	0	
	2013	20	2	3	15	0.2	

