
	A.1.10.M Transmuraler Herzinfarkt (Alter >19), Mortalität // Infarctus du myocarde transmural (âge >19), mortalité // Infarto transmurale (età >19), mortalità
	BAG/OFSP/UFSP - CH-IQI Version V4.0 - Daten 2013 - 27. Juli 2015

	Jahr	AltEGrp	Sex	DeathCH	CasesCH	pCH	
	1998	5	1	0	1	0	
	1998	5	2	0	1	0	
	1998	6	1	0	2	0	
	1998	7	1	0	27	0	
	1998	7	2	0	5	0	
	1998	8	1	0	64	0	
	1998	8	2	0	4	0	
	1998	9	1	3	97	0.03092784	
	1998	9	2	3	11	0.2727273	
	1998	10	1	6	203	0.02955665	
	1998	10	2	0	33	0	
	1998	11	1	2	293	0.006825939	
	1998	11	2	2	47	0.04255319	
	1998	12	1	5	225	0.02222222	
	1998	12	2	4	51	0.07843137	
	1998	13	1	8	282	0.02836879	
	1998	13	2	5	84	0.05952381	
	1998	14	1	11	253	0.04347826	
	1998	14	2	7	88	0.07954545	
	1998	15	1	34	274	0.1240876	
	1998	15	2	21	154	0.1363636	
	1998	16	1	25	211	0.1184834	
	1998	16	2	30	175	0.1714286	
	1998	17	1	42	146	0.2876712	
	1998	17	2	19	127	0.1496063	
	1998	18	1	16	80	0.2	
	1998	18	2	26	94	0.2765957	
	1998	19	1	7	18	0.3888889	
	1998	19	2	12	38	0.3157895	
	1998	20	1	2	2	1	
	1998	20	2	0	5	0	
	1999	5	2	0	1	0	
	1999	6	1	0	5	0	
	1999	7	1	0	21	0	
	1999	7	2	0	5	0	
	1999	8	1	1	48	0.02083333	
	1999	8	2	0	3	0	
	1999	9	1	0	125	0	
	1999	9	2	0	34	0	
	1999	10	1	6	231	0.02597403	
	1999	10	2	3	41	0.07317073	
	1999	11	1	5	347	0.01440922	
	1999	11	2	2	45	0.04444444	
	1999	12	1	6	362	0.01657459	
	1999	12	2	5	61	0.08196721	
	1999	13	1	20	362	0.05524862	
	1999	13	2	3	91	0.03296703	
	1999	14	1	17	333	0.05105105	
	1999	14	2	8	113	0.07079646	
	1999	15	1	22	328	0.06707317	
	1999	15	2	19	156	0.1217949	
	1999	16	1	38	281	0.1352313	
	1999	16	2	24	207	0.115942	
	1999	17	1	44	201	0.2189055	
	1999	17	2	25	164	0.152439	
	1999	18	1	29	98	0.2959184	
	1999	18	2	35	126	0.2777778	
	1999	19	1	8	17	0.4705882	
	1999	19	2	17	46	0.3695652	
	1999	20	1	1	3	0.3333333	
	1999	20	2	6	12	0.5	
	2000	6	1	0	5	0	
	2000	7	1	0	33	0	
	2000	7	2	0	1	0	
	2000	8	1	0	75	0	
	2000	8	2	0	10	0	
	2000	9	1	5	130	0.03846154	
	2000	9	2	0	20	0	
	2000	10	1	7	224	0.03125	
	2000	10	2	1	31	0.03225806	
	2000	11	1	1	335	0.002985075	
	2000	11	2	3	66	0.04545455	
	2000	12	1	9	354	0.02542373	
	2000	12	2	3	72	0.04166667	
	2000	13	1	15	371	0.04043127	
	2000	13	2	10	113	0.08849558	
	2000	14	1	26	398	0.06532663	
	2000	14	2	11	150	0.07333333	
	2000	15	1	20	353	0.05665722	
	2000	15	2	21	194	0.1082474	
	2000	16	1	43	307	0.1400651	
	2000	16	2	40	226	0.1769912	
	2000	17	1	61	224	0.2723214	
	2000	17	2	43	185	0.2324324	
	2000	18	1	45	116	0.387931	
	2000	18	2	47	155	0.3032258	
	2000	19	1	8	34	0.2352941	
	2000	19	2	19	47	0.4042553	
	2000	20	1	4	7	0.5714286	
	2000	20	2	2	11	0.1818182	
	2001	5	1	0	2	0	
	2001	6	1	0	6	0	
	2001	6	2	0	1	0	
	2001	7	1	0	18	0	
	2001	7	2	0	2	0	
	2001	8	1	0	94	0	
	2001	8	2	0	16	0	
	2001	9	1	3	194	0.01546392	
	2001	9	2	0	26	0	
	2001	10	1	3	240	0.0125	
	2001	10	2	1	38	0.02631579	
	2001	11	1	10	365	0.02739726	
	2001	11	2	1	65	0.01538462	
	2001	12	1	7	454	0.0154185	
	2001	12	2	3	64	0.046875	
	2001	13	1	15	380	0.03947368	
	2001	13	2	2	104	0.01923077	
	2001	14	1	17	405	0.04197531	
	2001	14	2	10	173	0.05780347	
	2001	15	1	34	350	0.09714286	
	2001	15	2	17	225	0.07555556	
	2001	16	1	40	339	0.1179941	
	2001	16	2	50	264	0.1893939	
	2001	17	1	49	223	0.2197309	
	2001	17	2	47	212	0.2216981	
	2001	18	1	40	124	0.3225806	
	2001	18	2	61	191	0.3193717	
	2001	19	1	15	37	0.4054054	
	2001	19	2	13	59	0.220339	
	2001	20	1	5	7	0.7142857	
	2001	20	2	5	13	0.3846154	
	2002	5	1	0	2	0	
	2002	5	2	0	1	0	
	2002	6	1	0	3	0	
	2002	6	2	0	4	0	
	2002	7	1	0	22	0	
	2002	7	2	0	4	0	
	2002	8	1	1	89	0.01123596	
	2002	8	2	0	19	0	
	2002	9	1	4	209	0.01913876	
	2002	9	2	1	20	0.05	
	2002	10	1	5	359	0.01392758	
	2002	10	2	0	33	0	
	2002	11	1	4	414	0.009661836	
	2002	11	2	5	63	0.07936508	
	2002	12	1	13	474	0.02742616	
	2002	12	2	0	112	0	
	2002	13	1	23	464	0.04956897	
	2002	13	2	9	124	0.07258065	
	2002	14	1	21	444	0.0472973	
	2002	14	2	9	159	0.05660377	
	2002	15	1	34	437	0.0778032	
	2002	15	2	22	242	0.09090909	
	2002	16	1	42	370	0.1135135	
	2002	16	2	30	266	0.112782	
	2002	17	1	43	267	0.1610487	
	2002	17	2	46	232	0.1982759	
	2002	18	1	42	137	0.3065693	
	2002	18	2	47	191	0.2460733	
	2002	19	1	9	47	0.1914894	
	2002	19	2	29	78	0.3717949	
	2002	20	1	2	3	0.6666667	
	2002	20	2	7	15	0.4666667	
	2003	5	1	0	1	0	
	2003	5	2	0	2	0	
	2003	6	1	0	3	0	
	2003	6	2	0	3	0	
	2003	7	1	0	38	0	
	2003	7	2	0	8	0	
	2003	8	1	0	103	0	
	2003	8	2	0	12	0	
	2003	9	1	2	194	0.01030928	
	2003	9	2	0	26	0	
	2003	10	1	10	314	0.03184713	
	2003	10	2	2	41	0.04878049	
	2003	11	1	4	410	0.009756098	
	2003	11	2	1	88	0.01136364	
	2003	12	1	20	491	0.0407332	
	2003	12	2	5	113	0.04424779	
	2003	13	1	10	479	0.02087683	
	2003	13	2	2	108	0.01851852	
	2003	14	1	17	455	0.03736264	
	2003	14	2	11	141	0.07801418	
	2003	15	1	24	404	0.05940594	
	2003	15	2	18	218	0.08256881	
	2003	16	1	47	377	0.1246684	
	2003	16	2	32	265	0.1207547	
	2003	17	1	44	240	0.1833333	
	2003	17	2	57	267	0.2134831	
	2003	18	1	53	169	0.3136095	
	2003	18	2	37	184	0.201087	
	2003	19	1	19	47	0.4042553	
	2003	19	2	28	81	0.345679	
	2003	20	1	5	16	0.3125	
	2003	20	2	4	11	0.3636364	
	2004	5	2	0	1	0	
	2004	6	1	0	6	0	
	2004	6	2	0	5	0	
	2004	7	1	0	42	0	
	2004	7	2	0	7	0	
	2004	8	1	2	80	0.025	
	2004	8	2	0	20	0	
	2004	9	1	1	221	0.004524887	
	2004	9	2	0	29	0	
	2004	10	1	4	354	0.01129944	
	2004	10	2	2	49	0.04081633	
	2004	11	1	6	435	0.0137931	
	2004	11	2	0	67	0	
	2004	12	1	8	528	0.01515152	
	2004	12	2	3	119	0.02521008	
	2004	13	1	8	488	0.01639344	
	2004	13	2	7	151	0.04635762	
	2004	14	1	18	454	0.03964758	
	2004	14	2	11	133	0.08270677	
	2004	15	1	35	436	0.08027523	
	2004	15	2	19	214	0.08878505	
	2004	16	1	37	389	0.09511568	
	2004	16	2	29	266	0.1090226	
	2004	17	1	51	321	0.1588785	
	2004	17	2	44	291	0.1512027	
	2004	18	1	31	136	0.2279412	
	2004	18	2	66	211	0.3127962	
	2004	19	1	11	44	0.25	
	2004	19	2	27	69	0.3913043	
	2004	20	1	0	3	0	
	2004	20	2	5	15	0.3333333	
	2005	5	1	0	2	0	
	2005	6	1	0	7	0	
	2005	6	2	0	3	0	
	2005	7	1	1	16	0.0625	
	2005	7	2	0	4	0	
	2005	8	1	0	84	0	
	2005	8	2	0	18	0	
	2005	9	1	5	235	0.0212766	
	2005	9	2	0	22	0	
	2005	10	1	3	331	0.009063444	
	2005	10	2	2	56	0.03571429	
	2005	11	1	8	465	0.0172043	
	2005	11	2	0	71	0	
	2005	12	1	14	534	0.02621723	
	2005	12	2	3	111	0.02702703	
	2005	13	1	18	513	0.03508772	
	2005	13	2	6	147	0.04081633	
	2005	14	1	21	482	0.04356846	
	2005	14	2	7	169	0.04142012	
	2005	15	1	30	448	0.06696429	
	2005	15	2	20	261	0.07662835	
	2005	16	1	44	407	0.1081081	
	2005	16	2	26	269	0.09665428	
	2005	17	1	58	326	0.1779141	
	2005	17	2	47	285	0.1649123	
	2005	18	1	37	141	0.2624113	
	2005	18	2	53	207	0.2560386	
	2005	19	1	22	46	0.4782609	
	2005	19	2	34	90	0.3777778	
	2005	20	1	3	11	0.2727273	
	2005	20	2	8	23	0.3478261	
	2006	5	1	0	1	0	
	2006	6	1	0	13	0	
	2006	6	2	0	2	0	
	2006	7	1	1	24	0.04166667	
	2006	8	1	4	105	0.03809524	
	2006	8	2	0	9	0	
	2006	9	1	3	266	0.0112782	
	2006	9	2	0	24	0	
	2006	10	1	5	371	0.01347709	
	2006	10	2	1	92	0.01086957	
	2006	11	1	11	578	0.01903114	
	2006	11	2	1	90	0.01111111	
	2006	12	1	14	588	0.02380952	
	2006	12	2	6	135	0.04444444	
	2006	13	1	20	619	0.03231018	
	2006	13	2	7	135	0.05185185	
	2006	14	1	19	517	0.03675048	
	2006	14	2	5	169	0.0295858	
	2006	15	1	23	545	0.04220183	
	2006	15	2	14	262	0.05343511	
	2006	16	1	54	482	0.1120332	
	2006	16	2	38	324	0.117284	
	2006	17	1	52	327	0.1590214	
	2006	17	2	45	301	0.1495017	
	2006	18	1	41	164	0.25	
	2006	18	2	48	215	0.2232558	
	2006	19	1	20	52	0.3846154	
	2006	19	2	35	94	0.3723404	
	2006	20	1	4	7	0.5714286	
	2006	20	2	7	15	0.4666667	
	2007	5	1	0	3	0	
	2007	5	2	1	2	0.5	
	2007	6	1	0	12	0	
	2007	6	2	0	3	0	
	2007	7	1	1	30	0.03333333	
	2007	7	2	0	4	0	
	2007	8	1	2	92	0.02173913	
	2007	8	2	1	16	0.0625	
	2007	9	1	1	220	0.004545455	
	2007	9	2	1	35	0.02857143	
	2007	10	1	7	410	0.01707317	
	2007	10	2	1	69	0.01449275	
	2007	11	1	10	590	0.01694915	
	2007	11	2	0	97	0	
	2007	12	1	29	669	0.04334828	
	2007	12	2	5	130	0.03846154	
	2007	13	1	24	659	0.03641882	
	2007	13	2	6	177	0.03389831	
	2007	14	1	20	561	0.03565062	
	2007	14	2	11	159	0.06918239	
	2007	15	1	34	526	0.06463878	
	2007	15	2	15	234	0.06410256	
	2007	16	1	43	442	0.09728507	
	2007	16	2	29	325	0.08923077	
	2007	17	1	61	365	0.1671233	
	2007	17	2	62	354	0.1751412	
	2007	18	1	35	167	0.2095808	
	2007	18	2	54	215	0.2511628	
	2007	19	1	21	61	0.3442623	
	2007	19	2	42	104	0.4038462	
	2007	20	1	2	8	0.25	
	2007	20	2	8	21	0.3809524	
	2008	5	1	0	5	0	
	2008	6	1	0	6	0	
	2008	6	2	0	2	0	
	2008	7	1	0	25	0	
	2008	7	2	0	3	0	
	2008	8	1	0	68	0	
	2008	8	2	0	18	0	
	2008	9	1	2	265	0.00754717	
	2008	9	2	1	28	0.03571429	
	2008	10	1	6	460	0.01304348	
	2008	10	2	2	77	0.02597403	
	2008	11	1	10	585	0.01709402	
	2008	11	2	5	117	0.04273504	
	2008	12	1	17	623	0.02728732	
	2008	12	2	10	140	0.07142857	
	2008	13	1	26	723	0.03596127	
	2008	13	2	3	174	0.01724138	
	2008	14	1	26	571	0.04553415	
	2008	14	2	12	213	0.05633803	
	2008	15	1	31	482	0.06431535	
	2008	15	2	11	245	0.04489796	
	2008	16	1	39	459	0.08496732	
	2008	16	2	29	351	0.08262108	
	2008	17	1	52	325	0.16	
	2008	17	2	67	345	0.1942029	
	2008	18	1	49	224	0.21875	
	2008	18	2	58	244	0.2377049	
	2008	19	1	14	51	0.2745098	
	2008	19	2	32	100	0.32	
	2008	20	1	7	15	0.4666667	
	2008	20	2	10	21	0.4761905	
	2009	6	1	1	10	0.1	
	2009	7	1	0	21	0	
	2009	7	2	0	9	0	
	2009	8	1	0	100	0	
	2009	8	2	0	21	0	
	2009	9	1	3	214	0.01401869	
	2009	9	2	1	26	0.03846154	
	2009	10	1	9	432	0.02083333	
	2009	10	2	3	87	0.03448276	
	2009	11	1	12	626	0.01916933	
	2009	11	2	1	99	0.01010101	
	2009	12	1	13	702	0.01851852	
	2009	12	2	3	141	0.0212766	
	2009	13	1	27	651	0.04147465	
	2009	13	2	6	158	0.03797468	
	2009	14	1	26	564	0.04609929	
	2009	14	2	8	203	0.03940887	
	2009	15	1	24	520	0.04615385	
	2009	15	2	13	246	0.05284553	
	2009	16	1	41	465	0.08817204	
	2009	16	2	24	262	0.09160305	
	2009	17	1	44	321	0.1370717	
	2009	17	2	31	315	0.0984127	
	2009	18	1	46	191	0.2408377	
	2009	18	2	50	232	0.2155172	
	2009	19	1	16	46	0.3478261	
	2009	19	2	26	97	0.2680412	
	2009	20	1	2	10	0.2	
	2009	20	2	6	22	0.2727273	
	2010	5	1	0	5	0	
	2010	6	1	0	12	0	
	2010	6	2	0	1	0	
	2010	7	1	1	28	0.03571429	
	2010	7	2	0	10	0	
	2010	8	1	1	93	0.01075269	
	2010	8	2	0	9	0	
	2010	9	1	5	250	0.02	
	2010	9	2	0	31	0	
	2010	10	1	8	464	0.01724138	
	2010	10	2	2	73	0.02739726	
	2010	11	1	12	700	0.01714286	
	2010	11	2	1	102	0.009803922	
	2010	12	1	20	726	0.02754821	
	2010	12	2	6	144	0.04166667	
	2010	13	1	19	813	0.02337023	
	2010	13	2	3	186	0.01612903	
	2010	14	1	24	670	0.0358209	
	2010	14	2	8	205	0.03902439	
	2010	15	1	39	501	0.07784431	
	2010	15	2	17	258	0.06589147	
	2010	16	1	33	456	0.07236842	
	2010	16	2	33	339	0.09734513	
	2010	17	1	50	347	0.1440922	
	2010	17	2	44	344	0.127907	
	2010	18	1	41	182	0.2252747	
	2010	18	2	51	262	0.1946565	
	2010	19	1	15	49	0.3061224	
	2010	19	2	20	86	0.2325581	
	2010	20	1	5	10	0.5	
	2010	20	2	11	22	0.5	
	2011	5	1	0	1	0	
	2011	6	1	0	3	0	
	2011	6	2	0	1	0	
	2011	7	1	1	18	0.05555556	
	2011	7	2	0	11	0	
	2011	8	1	2	80	0.025	
	2011	8	2	0	17	0	
	2011	9	1	3	269	0.01115242	
	2011	9	2	0	50	0	
	2011	10	1	9	517	0.01740812	
	2011	10	2	3	85	0.03529412	
	2011	11	1	11	632	0.01740506	
	2011	11	2	2	94	0.0212766	
	2011	12	1	14	653	0.02143951	
	2011	12	2	6	151	0.0397351	
	2011	13	1	22	688	0.03197674	
	2011	13	2	4	164	0.02439024	
	2011	14	1	36	707	0.05091938	
	2011	14	2	7	199	0.03517588	
	2011	15	1	30	495	0.06060606	
	2011	15	2	18	234	0.07692308	
	2011	16	1	43	467	0.09207709	
	2011	16	2	24	320	0.075	
	2011	17	1	36	314	0.1146497	
	2011	17	2	40	322	0.1242236	
	2011	18	1	43	218	0.1972477	
	2011	18	2	49	243	0.2016461	
	2011	19	1	21	63	0.3333333	
	2011	19	2	30	116	0.2586207	
	2011	20	1	2	7	0.2857143	
	2011	20	2	6	20	0.3	
	2012	5	1	0	3	0	
	2012	6	1	0	13	0	
	2012	7	1	0	46	0	
	2012	8	1	1	78	0.01282051	
	2012	8	2	0	9	0	
	2012	9	1	4	237	0.01687764	
	2012	9	2	1	42	0.02380952	
	2012	10	1	13	503	0.02584493	
	2012	10	2	3	83	0.03614458	
	2012	11	1	14	661	0.02118003	
	2012	11	2	2	127	0.01574803	
	2012	12	1	20	691	0.02894356	
	2012	12	2	4	127	0.03149606	
	2012	13	1	18	721	0.02496533	
	2012	13	2	9	174	0.05172414	
	2012	14	1	34	662	0.05135952	
	2012	14	2	7	201	0.03482587	
	2012	15	1	34	551	0.06170599	
	2012	15	2	16	246	0.06504065	
	2012	16	1	31	412	0.07524272	
	2012	16	2	33	316	0.1044304	
	2012	17	1	46	344	0.1337209	
	2012	17	2	40	293	0.1365188	
	2012	18	1	40	200	0.2	
	2012	18	2	39	230	0.1695652	
	2012	19	1	16	54	0.2962963	
	2012	19	2	43	108	0.3981481	
	2012	20	1	3	5	0.6	
	2012	20	2	5	23	0.2173913	
	2013	5	1	0	2	0	
	2013	5	2	0	5	0	
	2013	6	1	0	11	0	
	2013	6	2	0	4	0	
	2013	7	1	0	38	0	
	2013	8	1	0	82	0	
	2013	8	2	0	15	0	
	2013	9	1	5	220	0.02272727	
	2013	9	2	0	35	0	
	2013	10	1	14	489	0.02862986	
	2013	10	2	3	76	0.03947368	
	2013	11	1	8	613	0.01305057	
	2013	11	2	3	118	0.02542373	
	2013	12	1	24	749	0.03204272	
	2013	12	2	8	134	0.05970149	
	2013	13	1	21	634	0.03312303	
	2013	13	2	11	202	0.05445545	
	2013	14	1	31	632	0.04905063	
	2013	14	2	12	230	0.05217391	
	2013	15	1	32	560	0.05714286	
	2013	15	2	20	269	0.07434944	
	2013	16	1	40	455	0.08791209	
	2013	16	2	20	269	0.07434944	
	2013	17	1	48	336	0.1428571	
	2013	17	2	41	301	0.1362126	
	2013	18	1	36	208	0.1730769	
	2013	18	2	38	237	0.1603376	
	2013	19	1	11	56	0.1964286	
	2013	19	2	48	114	0.4210526	
	2013	20	1	5	9	0.5555556	
	2013	20	2	4	22	0.1818182	

