
	D.2.1.M COPD ohne Tumor (Alter >19), Mortalität // BPCO sans tumeur (âge >19), mortalité // BPCO senza tumore (età >19), mortalità
	BAG/OFSP/UFSP - CH-IQI Version V4.0 - Daten 2013 - 27. Juli 2015

	Jahr	AltEGrp	Sex	DeathCH	CasesCH	pCH	
	1998	5	1	0	3	0	
	1998	6	1	0	2	0	
	1998	6	2	0	1	0	
	1998	7	1	0	3	0	
	1998	7	2	0	1	0	
	1998	8	1	0	8	0	
	1998	8	2	0	9	0	
	1998	9	1	0	12	0	
	1998	9	2	0	12	0	
	1998	10	1	0	29	0	
	1998	10	2	0	24	0	
	1998	11	1	0	70	0	
	1998	11	2	0	47	0	
	1998	12	1	5	105	0.04761905	
	1998	12	2	2	77	0.02597403	
	1998	13	1	8	224	0.03571429	
	1998	13	2	1	94	0.0106383	
	1998	14	1	14	317	0.04416404	
	1998	14	2	10	186	0.05376344	
	1998	15	1	31	450	0.06888889	
	1998	15	2	16	248	0.06451613	
	1998	16	1	40	448	0.08928571	
	1998	16	2	18	231	0.07792208	
	1998	17	1	33	307	0.1074919	
	1998	17	2	12	191	0.06282723	
	1998	18	1	18	163	0.1104294	
	1998	18	2	6	105	0.05714286	
	1998	19	1	4	47	0.08510638	
	1998	19	2	3	31	0.09677419	
	1998	20	1	0	5	0	
	1998	20	2	1	8	0.125	
	1999	5	1	0	3	0	
	1999	5	2	0	2	0	
	1999	6	1	0	2	0	
	1999	6	2	0	3	0	
	1999	7	1	0	2	0	
	1999	7	2	0	8	0	
	1999	8	1	0	9	0	
	1999	8	2	0	4	0	
	1999	9	1	0	22	0	
	1999	9	2	0	26	0	
	1999	10	1	0	35	0	
	1999	10	2	0	41	0	
	1999	11	1	0	105	0	
	1999	11	2	1	98	0.01020408	
	1999	12	1	2	160	0.0125	
	1999	12	2	2	141	0.0141844	
	1999	13	1	14	298	0.04697987	
	1999	13	2	7	152	0.04605263	
	1999	14	1	19	502	0.03784861	
	1999	14	2	5	215	0.02325581	
	1999	15	1	40	580	0.06896552	
	1999	15	2	11	318	0.03459119	
	1999	16	1	43	706	0.06090652	
	1999	16	2	19	323	0.05882353	
	1999	17	1	31	429	0.07226107	
	1999	17	2	22	268	0.08208955	
	1999	18	1	14	236	0.05932203	
	1999	18	2	11	171	0.06432749	
	1999	19	1	6	69	0.08695652	
	1999	19	2	4	35	0.1142857	
	1999	20	1	1	5	0.2	
	1999	20	2	0	3	0	
	2000	5	1	0	1	0	
	2000	5	2	0	5	0	
	2000	6	1	0	2	0	
	2000	6	2	0	3	0	
	2000	7	1	0	4	0	
	2000	7	2	0	4	0	
	2000	8	1	0	8	0	
	2000	8	2	0	12	0	
	2000	9	1	0	11	0	
	2000	9	2	0	20	0	
	2000	10	1	1	65	0.01538462	
	2000	10	2	0	34	0	
	2000	11	1	3	96	0.03125	
	2000	11	2	3	93	0.03225806	
	2000	12	1	7	189	0.03703704	
	2000	12	2	6	161	0.03726708	
	2000	13	1	7	295	0.02372881	
	2000	13	2	5	171	0.02923977	
	2000	14	1	18	455	0.03956044	
	2000	14	2	6	266	0.02255639	
	2000	15	1	33	589	0.05602716	
	2000	15	2	16	315	0.05079365	
	2000	16	1	41	639	0.06416275	
	2000	16	2	25	331	0.0755287	
	2000	17	1	32	442	0.07239819	
	2000	17	2	21	234	0.08974359	
	2000	18	1	22	209	0.1052632	
	2000	18	2	6	130	0.04615385	
	2000	19	1	8	75	0.1066667	
	2000	19	2	8	40	0.2	
	2000	20	1	3	11	0.2727273	
	2000	20	2	0	4	0	
	2001	5	2	0	2	0	
	2001	6	1	1	4	0.25	
	2001	7	1	0	4	0	
	2001	7	2	1	4	0.25	
	2001	8	1	0	8	0	
	2001	8	2	0	6	0	
	2001	9	1	1	18	0.05555556	
	2001	9	2	0	19	0	
	2001	10	1	1	54	0.01851852	
	2001	10	2	0	48	0	
	2001	11	1	2	104	0.01923077	
	2001	11	2	1	97	0.01030928	
	2001	12	1	5	177	0.02824859	
	2001	12	2	4	148	0.02702703	
	2001	13	1	6	276	0.02173913	
	2001	13	2	4	163	0.02453988	
	2001	14	1	14	440	0.03181818	
	2001	14	2	10	274	0.03649635	
	2001	15	1	30	553	0.05424955	
	2001	15	2	16	300	0.05333333	
	2001	16	1	32	657	0.04870624	
	2001	16	2	28	333	0.08408408	
	2001	17	1	35	408	0.08578431	
	2001	17	2	19	240	0.07916667	
	2001	18	1	31	208	0.1490385	
	2001	18	2	11	146	0.07534247	
	2001	19	1	8	58	0.137931	
	2001	19	2	4	52	0.07692308	
	2001	20	1	0	3	0	
	2001	20	2	0	5	0	
	2002	5	1	0	1	0	
	2002	5	2	0	4	0	
	2002	6	1	0	1	0	
	2002	6	2	0	2	0	
	2002	7	1	0	13	0	
	2002	7	2	0	2	0	
	2002	8	1	0	12	0	
	2002	8	2	0	10	0	
	2002	9	1	0	19	0	
	2002	9	2	0	15	0	
	2002	10	1	1	38	0.02631579	
	2002	10	2	2	41	0.04878049	
	2002	11	1	1	118	0.008474576	
	2002	11	2	0	76	0	
	2002	12	1	4	200	0.02	
	2002	12	2	10	176	0.05681818	
	2002	13	1	8	300	0.02666667	
	2002	13	2	3	184	0.01630435	
	2002	14	1	23	442	0.0520362	
	2002	14	2	13	272	0.04779412	
	2002	15	1	27	579	0.04663212	
	2002	15	2	17	324	0.05246914	
	2002	16	1	46	700	0.06571429	
	2002	16	2	23	361	0.06371191	
	2002	17	1	44	506	0.08695652	
	2002	17	2	24	289	0.08304498	
	2002	18	1	17	215	0.07906977	
	2002	18	2	14	190	0.07368421	
	2002	19	1	11	69	0.1594203	
	2002	19	2	7	51	0.1372549	
	2002	20	1	1	3	0.3333333	
	2002	20	2	0	7	0	
	2003	5	2	0	1	0	
	2003	6	1	0	2	0	
	2003	6	2	0	1	0	
	2003	7	1	0	4	0	
	2003	7	2	0	2	0	
	2003	8	1	0	13	0	
	2003	8	2	1	19	0.05263158	
	2003	9	1	0	16	0	
	2003	9	2	0	13	0	
	2003	10	1	0	48	0	
	2003	10	2	0	51	0	
	2003	11	1	0	116	0	
	2003	11	2	2	95	0.02105263	
	2003	12	1	4	217	0.01843318	
	2003	12	2	5	187	0.02673797	
	2003	13	1	10	352	0.02840909	
	2003	13	2	3	217	0.01382488	
	2003	14	1	17	480	0.03541667	
	2003	14	2	6	239	0.0251046	
	2003	15	1	25	581	0.04302926	
	2003	15	2	18	346	0.05202312	
	2003	16	1	49	675	0.07259259	
	2003	16	2	24	414	0.05797101	
	2003	17	1	41	519	0.07899807	
	2003	17	2	22	327	0.06727829	
	2003	18	1	23	243	0.09465021	
	2003	18	2	10	144	0.06944444	
	2003	19	1	7	66	0.1060606	
	2003	19	2	5	73	0.06849315	
	2003	20	1	1	8	0.125	
	2003	20	2	1	11	0.09090909	
	2004	5	2	0	1	0	
	2004	6	1	0	2	0	
	2004	6	2	0	3	0	
	2004	7	1	0	5	0	
	2004	7	2	0	5	0	
	2004	8	1	0	15	0	
	2004	8	2	0	6	0	
	2004	9	1	0	25	0	
	2004	9	2	0	23	0	
	2004	10	1	0	69	0	
	2004	10	2	1	49	0.02040816	
	2004	11	1	1	123	0.008130081	
	2004	11	2	1	86	0.01162791	
	2004	12	1	8	223	0.03587444	
	2004	12	2	2	149	0.01342282	
	2004	13	1	14	340	0.04117647	
	2004	13	2	10	226	0.04424779	
	2004	14	1	21	452	0.04646018	
	2004	14	2	4	265	0.01509434	
	2004	15	1	35	624	0.05608974	
	2004	15	2	11	328	0.03353659	
	2004	16	1	40	633	0.06319115	
	2004	16	2	17	402	0.04228856	
	2004	17	1	47	585	0.08034188	
	2004	17	2	21	317	0.06624606	
	2004	18	1	23	243	0.09465021	
	2004	18	2	9	159	0.05660377	
	2004	19	1	4	66	0.06060606	
	2004	19	2	5	62	0.08064516	
	2004	20	1	2	12	0.1666667	
	2004	20	2	1	6	0.1666667	
	2005	5	1	0	3	0	
	2005	5	2	0	3	0	
	2005	6	2	0	5	0	
	2005	7	1	0	9	0	
	2005	7	2	0	5	0	
	2005	8	1	0	15	0	
	2005	8	2	0	8	0	
	2005	9	1	1	23	0.04347826	
	2005	9	2	0	22	0	
	2005	10	1	0	62	0	
	2005	10	2	0	56	0	
	2005	11	1	0	114	0	
	2005	11	2	4	115	0.03478261	
	2005	12	1	8	290	0.02758621	
	2005	12	2	5	194	0.0257732	
	2005	13	1	13	393	0.03307888	
	2005	13	2	12	283	0.04240283	
	2005	14	1	34	527	0.06451613	
	2005	14	2	12	294	0.04081633	
	2005	15	1	37	697	0.05308465	
	2005	15	2	18	383	0.04699739	
	2005	16	1	41	753	0.05444887	
	2005	16	2	25	407	0.06142506	
	2005	17	1	48	670	0.07164179	
	2005	17	2	19	387	0.04909561	
	2005	18	1	24	287	0.08362369	
	2005	18	2	16	183	0.08743169	
	2005	19	1	10	94	0.106383	
	2005	19	2	7	76	0.09210526	
	2005	20	1	3	12	0.25	
	2005	20	2	1	10	0.1	
	2006	5	1	0	7	0	
	2006	5	2	0	3	0	
	2006	6	1	0	6	0	
	2006	6	2	0	3	0	
	2006	7	1	0	3	0	
	2006	7	2	0	2	0	
	2006	8	1	0	6	0	
	2006	8	2	0	14	0	
	2006	9	1	0	29	0	
	2006	9	2	0	29	0	
	2006	10	1	1	51	0.01960784	
	2006	10	2	0	62	0	
	2006	11	1	2	115	0.0173913	
	2006	11	2	1	90	0.01111111	
	2006	12	1	4	230	0.0173913	
	2006	12	2	4	189	0.02116402	
	2006	13	1	8	400	0.02	
	2006	13	2	6	305	0.01967213	
	2006	14	1	14	481	0.02910603	
	2006	14	2	12	293	0.04095563	
	2006	15	1	31	649	0.04776579	
	2006	15	2	14	361	0.03878116	
	2006	16	1	31	706	0.04390935	
	2006	16	2	14	436	0.03211009	
	2006	17	1	46	584	0.07876712	
	2006	17	2	19	341	0.05571848	
	2006	18	1	33	311	0.1061093	
	2006	18	2	8	183	0.04371585	
	2006	19	1	11	95	0.1157895	
	2006	19	2	0	55	0	
	2006	20	1	1	12	0.08333333	
	2006	20	2	0	9	0	
	2007	5	1	0	2	0	
	2007	5	2	0	5	0	
	2007	6	1	0	1	0	
	2007	6	2	0	7	0	
	2007	7	1	0	6	0	
	2007	7	2	0	11	0	
	2007	8	1	0	27	0	
	2007	8	2	0	8	0	
	2007	9	1	0	25	0	
	2007	9	2	0	29	0	
	2007	10	1	1	52	0.01923077	
	2007	10	2	0	61	0	
	2007	11	1	1	124	0.008064516	
	2007	11	2	2	113	0.01769912	
	2007	12	1	6	248	0.02419355	
	2007	12	2	2	197	0.01015228	
	2007	13	1	14	458	0.03056769	
	2007	13	2	9	359	0.02506964	
	2007	14	1	18	470	0.03829787	
	2007	14	2	10	379	0.02638522	
	2007	15	1	24	690	0.03478261	
	2007	15	2	15	412	0.03640777	
	2007	16	1	41	738	0.05555556	
	2007	16	2	37	539	0.06864564	
	2007	17	1	43	619	0.06946688	
	2007	17	2	24	397	0.0604534	
	2007	18	1	23	336	0.06845238	
	2007	18	2	10	248	0.04032258	
	2007	19	1	11	108	0.1018519	
	2007	19	2	5	71	0.07042254	
	2007	20	1	1	15	0.06666667	
	2007	20	2	1	18	0.05555556	
	2008	5	1	0	3	0	
	2008	6	1	0	1	0	
	2008	6	2	0	2	0	
	2008	7	1	0	3	0	
	2008	7	2	0	6	0	
	2008	8	1	0	14	0	
	2008	8	2	0	16	0	
	2008	9	1	0	28	0	
	2008	9	2	0	39	0	
	2008	10	1	0	47	0	
	2008	10	2	0	73	0	
	2008	11	1	2	88	0.02272727	
	2008	11	2	1	99	0.01010101	
	2008	12	1	2	185	0.01081081	
	2008	12	2	2	178	0.01123596	
	2008	13	1	9	372	0.02419355	
	2008	13	2	7	274	0.02554745	
	2008	14	1	10	452	0.02212389	
	2008	14	2	5	337	0.0148368	
	2008	15	1	33	624	0.05288462	
	2008	15	2	16	381	0.04199475	
	2008	16	1	31	618	0.05016181	
	2008	16	2	19	446	0.0426009	
	2008	17	1	39	572	0.06818182	
	2008	17	2	18	399	0.04511278	
	2008	18	1	16	278	0.05755396	
	2008	18	2	9	223	0.04035874	
	2008	19	1	4	61	0.06557377	
	2008	19	2	5	71	0.07042254	
	2008	20	1	2	12	0.1666667	
	2008	20	2	1	12	0.08333333	
	2009	5	1	0	2	0	
	2009	5	2	0	6	0	
	2009	6	1	0	2	0	
	2009	6	2	0	1	0	
	2009	7	1	0	5	0	
	2009	7	2	0	6	0	
	2009	8	1	1	10	0.1	
	2009	8	2	0	4	0	
	2009	9	1	0	40	0	
	2009	9	2	0	30	0	
	2009	10	1	0	49	0	
	2009	10	2	0	63	0	
	2009	11	1	2	101	0.01980198	
	2009	11	2	1	114	0.00877193	
	2009	12	1	2	216	0.009259259	
	2009	12	2	5	208	0.02403846	
	2009	13	1	8	384	0.02083333	
	2009	13	2	4	297	0.01346801	
	2009	14	1	11	460	0.02391304	
	2009	14	2	10	360	0.02777778	
	2009	15	1	23	563	0.04085258	
	2009	15	2	16	368	0.04347826	
	2009	16	1	33	663	0.04977376	
	2009	16	2	16	445	0.03595506	
	2009	17	1	37	555	0.06666667	
	2009	17	2	14	362	0.03867403	
	2009	18	1	21	300	0.07	
	2009	18	2	19	265	0.07169811	
	2009	19	1	3	85	0.03529412	
	2009	19	2	4	61	0.06557377	
	2009	20	1	0	7	0	
	2009	20	2	2	10	0.2	
	2010	5	1	0	7	0	
	2010	6	1	0	1	0	
	2010	6	2	0	4	0	
	2010	7	1	0	4	0	
	2010	7	2	0	2	0	
	2010	8	1	0	20	0	
	2010	8	2	0	5	0	
	2010	9	1	0	32	0	
	2010	9	2	0	22	0	
	2010	10	1	0	58	0	
	2010	10	2	0	62	0	
	2010	11	1	0	141	0	
	2010	11	2	0	131	0	
	2010	12	1	2	227	0.008810573	
	2010	12	2	1	213	0.004694836	
	2010	13	1	10	364	0.02747253	
	2010	13	2	7	363	0.01928375	
	2010	14	1	14	532	0.02631579	
	2010	14	2	8	389	0.02056555	
	2010	15	1	19	497	0.03822938	
	2010	15	2	10	376	0.02659574	
	2010	16	1	30	695	0.04316547	
	2010	16	2	14	445	0.03146067	
	2010	17	1	25	570	0.04385965	
	2010	17	2	15	459	0.03267974	
	2010	18	1	21	297	0.07070707	
	2010	18	2	9	244	0.03688525	
	2010	19	1	11	74	0.1486486	
	2010	19	2	10	72	0.1388889	
	2010	20	1	0	11	0	
	2010	20	2	2	13	0.1538462	
	2011	5	1	0	4	0	
	2011	5	2	0	4	0	
	2011	6	1	0	1	0	
	2011	6	2	0	6	0	
	2011	7	1	0	4	0	
	2011	7	2	0	3	0	
	2011	8	1	0	15	0	
	2011	8	2	0	14	0	
	2011	9	1	0	34	0	
	2011	9	2	0	32	0	
	2011	10	1	2	77	0.02597403	
	2011	10	2	0	58	0	
	2011	11	1	1	140	0.007142857	
	2011	11	2	3	140	0.02142857	
	2011	12	1	3	230	0.01304348	
	2011	12	2	3	200	0.015	
	2011	13	1	6	393	0.01526718	
	2011	13	2	3	303	0.00990099	
	2011	14	1	18	543	0.03314917	
	2011	14	2	13	437	0.02974828	
	2011	15	1	17	567	0.02998236	
	2011	15	2	13	410	0.03170732	
	2011	16	1	32	667	0.04797601	
	2011	16	2	17	497	0.03420523	
	2011	17	1	32	569	0.05623902	
	2011	17	2	17	436	0.03899083	
	2011	18	1	15	336	0.04464286	
	2011	18	2	18	264	0.06818182	
	2011	19	1	8	87	0.09195402	
	2011	19	2	4	77	0.05194805	
	2011	20	1	1	9	0.1111111	
	2011	20	2	2	22	0.09090909	
	2012	5	2	0	4	0	
	2012	6	1	0	2	0	
	2012	7	1	0	5	0	
	2012	7	2	0	7	0	
	2012	8	1	0	16	0	
	2012	8	2	0	3	0	
	2012	9	1	0	41	0	
	2012	9	2	0	26	0	
	2012	10	1	1	74	0.01351351	
	2012	10	2	0	78	0	
	2012	11	1	1	174	0.005747126	
	2012	11	2	1	152	0.006578947	
	2012	12	1	2	285	0.007017544	
	2012	12	2	0	254	0	
	2012	13	1	9	415	0.02168675	
	2012	13	2	16	378	0.04232804	
	2012	14	1	17	662	0.02567976	
	2012	14	2	21	536	0.0391791	
	2012	15	1	33	684	0.04824561	
	2012	15	2	21	506	0.04150198	
	2012	16	1	35	674	0.05192878	
	2012	16	2	29	518	0.05598456	
	2012	17	1	31	614	0.0504886	
	2012	17	2	25	482	0.05186722	
	2012	18	1	31	369	0.08401084	
	2012	18	2	18	258	0.06976744	
	2012	19	1	12	106	0.1132075	
	2012	19	2	1	78	0.01282051	
	2012	20	1	0	11	0	
	2012	20	2	4	17	0.2352941	
	2013	5	2	0	3	0	
	2013	6	1	0	4	0	
	2013	6	2	0	3	0	
	2013	7	2	0	4	0	
	2013	8	1	1	12	0.08333333	
	2013	8	2	0	17	0	
	2013	9	1	1	55	0.01818182	
	2013	9	2	0	20	0	
	2013	10	1	1	80	0.0125	
	2013	10	2	0	73	0	
	2013	11	1	2	190	0.01052632	
	2013	11	2	4	180	0.02222222	
	2013	12	1	3	341	0.008797654	
	2013	12	2	5	324	0.0154321	
	2013	13	1	7	479	0.01461378	
	2013	13	2	6	444	0.01351351	
	2013	14	1	33	676	0.04881657	
	2013	14	2	19	597	0.0318258	
	2013	15	1	31	708	0.04378531	
	2013	15	2	19	598	0.03177258	
	2013	16	1	37	735	0.05034014	
	2013	16	2	16	575	0.02782609	
	2013	17	1	45	659	0.06828528	
	2013	17	2	30	516	0.05813953	
	2013	18	1	25	357	0.07002801	
	2013	18	2	17	306	0.05555556	
	2013	19	1	12	101	0.1188119	
	2013	19	2	11	97	0.1134021	
	2013	20	1	1	11	0.09090909	
	2013	20	2	0	13	0	

