
	A.1.1.M HD Herzinfarkt (Alter >19), Mortalität // DP infarctus du myocarde (âge >19), mortalité // DP infarto miocardico (età >19), mortalità
	BAG/OFSP/UFSP - CH-IQI Version V4.0 - Daten 2013 - 27. Juli 2015

	Jahr	AltEGrp	Sex	DeathCH	CasesCH	pCH	
	1998	5	1	0	1	0	
	1998	5	2	0	1	0	
	1998	6	1	0	6	0	
	1998	6	2	0	3	0	
	1998	7	1	0	41	0	
	1998	7	2	0	5	0	
	1998	8	1	1	89	0.01123596	
	1998	8	2	0	5	0	
	1998	9	1	5	166	0.03012048	
	1998	9	2	3	22	0.1363636	
	1998	10	1	8	311	0.02572347	
	1998	10	2	0	45	0	
	1998	11	1	5	453	0.01103753	
	1998	11	2	4	74	0.05405405	
	1998	12	1	10	374	0.02673797	
	1998	12	2	6	84	0.07142857	
	1998	13	1	15	446	0.03363229	
	1998	13	2	8	126	0.06349206	
	1998	14	1	24	436	0.05504587	
	1998	14	2	10	163	0.06134969	
	1998	15	1	44	458	0.09606987	
	1998	15	2	26	259	0.1003861	
	1998	16	1	49	383	0.1279373	
	1998	16	2	45	306	0.1470588	
	1998	17	1	70	277	0.2527076	
	1998	17	2	53	264	0.2007576	
	1998	18	1	42	161	0.2608696	
	1998	18	2	57	209	0.2727273	
	1998	19	1	19	39	0.4871795	
	1998	19	2	23	65	0.3538462	
	1998	20	1	2	4	0.5	
	1998	20	2	1	8	0.125	
	1999	5	1	1	2	0.5	
	1999	5	2	0	2	0	
	1999	6	1	0	8	0	
	1999	6	2	0	1	0	
	1999	7	1	0	33	0	
	1999	7	2	0	10	0	
	1999	8	1	1	88	0.01136364	
	1999	8	2	1	11	0.09090909	
	1999	9	1	2	187	0.01069519	
	1999	9	2	0	43	0	
	1999	10	1	7	351	0.01994302	
	1999	10	2	5	64	0.078125	
	1999	11	1	8	522	0.01532567	
	1999	11	2	2	79	0.02531646	
	1999	12	1	11	525	0.02095238	
	1999	12	2	7	95	0.07368421	
	1999	13	1	26	575	0.04521739	
	1999	13	2	7	161	0.04347826	
	1999	14	1	29	564	0.05141844	
	1999	14	2	13	199	0.06532663	
	1999	15	1	31	566	0.05477032	
	1999	15	2	30	272	0.1102941	
	1999	16	1	56	504	0.1111111	
	1999	16	2	44	373	0.1179625	
	1999	17	1	71	352	0.2017045	
	1999	17	2	58	343	0.1690962	
	1999	18	1	51	193	0.2642487	
	1999	18	2	55	264	0.2083333	
	1999	19	1	21	48	0.4375	
	1999	19	2	29	94	0.3085106	
	1999	20	1	2	6	0.3333333	
	1999	20	2	8	17	0.4705882	
	2000	5	1	0	1	0	
	2000	6	1	0	8	0	
	2000	6	2	0	1	0	
	2000	7	1	0	46	0	
	2000	7	2	0	3	0	
	2000	8	1	0	99	0	
	2000	8	2	0	14	0	
	2000	9	1	5	189	0.02645503	
	2000	9	2	0	30	0	
	2000	10	1	9	318	0.02830189	
	2000	10	2	1	44	0.02272727	
	2000	11	1	6	500	0.012	
	2000	11	2	3	93	0.03225806	
	2000	12	1	21	531	0.03954802	
	2000	12	2	4	101	0.03960396	
	2000	13	1	19	570	0.03333333	
	2000	13	2	12	160	0.075	
	2000	14	1	38	611	0.06219313	
	2000	14	2	15	230	0.06521739	
	2000	15	1	43	605	0.07107438	
	2000	15	2	33	328	0.1006098	
	2000	16	1	70	574	0.1219512	
	2000	16	2	74	404	0.1831683	
	2000	17	1	86	389	0.2210797	
	2000	17	2	68	352	0.1931818	
	2000	18	1	78	218	0.3577982	
	2000	18	2	89	296	0.3006757	
	2000	19	1	18	58	0.3103448	
	2000	19	2	36	97	0.371134	
	2000	20	1	5	13	0.3846154	
	2000	20	2	4	15	0.2666667	
	2001	5	1	0	4	0	
	2001	6	1	0	10	0	
	2001	6	2	0	1	0	
	2001	7	1	0	24	0	
	2001	7	2	0	6	0	
	2001	8	1	1	126	0.007936508	
	2001	8	2	0	21	0	
	2001	9	1	4	268	0.01492537	
	2001	9	2	0	46	0	
	2001	10	1	3	372	0.008064516	
	2001	10	2	2	73	0.02739726	
	2001	11	1	12	515	0.02330097	
	2001	11	2	3	103	0.02912621	
	2001	12	1	13	673	0.01931649	
	2001	12	2	4	101	0.03960396	
	2001	13	1	24	605	0.03966942	
	2001	13	2	3	148	0.02027027	
	2001	14	1	37	662	0.05589124	
	2001	14	2	15	277	0.05415162	
	2001	15	1	58	605	0.09586777	
	2001	15	2	23	361	0.06371191	
	2001	16	1	71	585	0.1213675	
	2001	16	2	83	454	0.1828194	
	2001	17	1	84	419	0.2004773	
	2001	17	2	88	403	0.2183623	
	2001	18	1	84	252	0.3333333	
	2001	18	2	100	343	0.2915452	
	2001	19	1	28	72	0.3888889	
	2001	19	2	29	109	0.266055	
	2001	20	1	6	15	0.4	
	2001	20	2	6	21	0.2857143	
	2002	5	1	0	5	0	
	2002	5	2	0	1	0	
	2002	6	1	0	7	0	
	2002	6	2	0	4	0	
	2002	7	1	0	33	0	
	2002	7	2	0	5	0	
	2002	8	1	1	117	0.008547009	
	2002	8	2	0	27	0	
	2002	9	1	6	301	0.01993355	
	2002	9	2	1	36	0.02777778	
	2002	10	1	5	515	0.009708738	
	2002	10	2	2	57	0.03508772	
	2002	11	1	10	621	0.01610306	
	2002	11	2	5	91	0.05494505	
	2002	12	1	19	704	0.02698864	
	2002	12	2	1	172	0.005813953	
	2002	13	1	33	683	0.04831625	
	2002	13	2	12	189	0.06349206	
	2002	14	1	32	699	0.04577969	
	2002	14	2	16	266	0.06015038	
	2002	15	1	59	713	0.08274895	
	2002	15	2	33	402	0.08208955	
	2002	16	1	81	658	0.1231003	
	2002	16	2	53	475	0.1115789	
	2002	17	1	80	503	0.1590457	
	2002	17	2	78	435	0.1793103	
	2002	18	1	92	297	0.3097643	
	2002	18	2	90	361	0.2493075	
	2002	19	1	25	97	0.257732	
	2002	19	2	49	127	0.3858268	
	2002	20	1	3	9	0.3333333	
	2002	20	2	8	23	0.3478261	
	2003	5	1	0	2	0	
	2003	5	2	0	2	0	
	2003	6	1	0	4	0	
	2003	6	2	0	3	0	
	2003	7	1	0	48	0	
	2003	7	2	0	11	0	
	2003	8	1	0	129	0	
	2003	8	2	0	17	0	
	2003	9	1	4	298	0.01342282	
	2003	9	2	0	41	0	
	2003	10	1	15	446	0.03363229	
	2003	10	2	3	62	0.0483871	
	2003	11	1	7	593	0.01180438	
	2003	11	2	2	122	0.01639344	
	2003	12	1	32	712	0.04494382	
	2003	12	2	6	166	0.03614458	
	2003	13	1	17	703	0.02418208	
	2003	13	2	4	165	0.02424242	
	2003	14	1	28	683	0.04099561	
	2003	14	2	12	219	0.05479452	
	2003	15	1	42	656	0.06402439	
	2003	15	2	26	352	0.07386364	
	2003	16	1	85	659	0.1289833	
	2003	16	2	51	467	0.1092077	
	2003	17	1	86	472	0.1822034	
	2003	17	2	102	502	0.2031873	
	2003	18	1	93	312	0.2980769	
	2003	18	2	73	352	0.2073864	
	2003	19	1	40	107	0.3738318	
	2003	19	2	49	168	0.2916667	
	2003	20	1	7	25	0.28	
	2003	20	2	12	25	0.48	
	2004	5	2	0	1	0	
	2004	6	1	0	9	0	
	2004	6	2	0	7	0	
	2004	7	1	1	48	0.02083333	
	2004	7	2	0	7	0	
	2004	8	1	2	113	0.01769912	
	2004	8	2	0	29	0	
	2004	9	1	4	301	0.01328904	
	2004	9	2	0	38	0	
	2004	10	1	7	493	0.01419878	
	2004	10	2	2	71	0.02816901	
	2004	11	1	11	614	0.01791531	
	2004	11	2	0	93	0	
	2004	12	1	11	767	0.01434159	
	2004	12	2	6	171	0.03508772	
	2004	13	1	13	697	0.01865136	
	2004	13	2	13	220	0.05909091	
	2004	14	1	28	679	0.04123711	
	2004	14	2	16	204	0.07843137	
	2004	15	1	57	706	0.08073654	
	2004	15	2	24	347	0.06916427	
	2004	16	1	61	648	0.0941358	
	2004	16	2	50	459	0.1089325	
	2004	17	1	97	559	0.1735242	
	2004	17	2	68	486	0.1399177	
	2004	18	1	61	248	0.2459677	
	2004	18	2	105	353	0.2974504	
	2004	19	1	22	91	0.2417582	
	2004	19	2	50	156	0.3205128	
	2004	20	1	1	8	0.125	
	2004	20	2	12	33	0.3636364	
	2005	5	1	0	4	0	
	2005	6	1	1	13	0.07692308	
	2005	6	2	0	3	0	
	2005	7	1	1	20	0.05	
	2005	7	2	0	6	0	
	2005	8	1	0	111	0	
	2005	8	2	0	22	0	
	2005	9	1	6	330	0.01818182	
	2005	9	2	0	32	0	
	2005	10	1	5	454	0.01101322	
	2005	10	2	2	75	0.02666667	
	2005	11	1	13	632	0.02056962	
	2005	11	2	0	98	0	
	2005	12	1	20	792	0.02525253	
	2005	12	2	4	165	0.02424242	
	2005	13	1	27	784	0.03443878	
	2005	13	2	8	210	0.03809524	
	2005	14	1	34	722	0.04709141	
	2005	14	2	11	245	0.04489796	
	2005	15	1	50	737	0.06784261	
	2005	15	2	36	405	0.08888889	
	2005	16	1	71	710	0.1	
	2005	16	2	53	445	0.1191011	
	2005	17	1	111	590	0.1881356	
	2005	17	2	84	495	0.169697	
	2005	18	1	68	282	0.2411348	
	2005	18	2	88	356	0.247191	
	2005	19	1	44	111	0.3963964	
	2005	19	2	54	171	0.3157895	
	2005	20	1	6	19	0.3157895	
	2005	20	2	14	39	0.3589744	
	2006	5	1	0	1	0	
	2006	6	1	0	15	0	
	2006	6	2	0	3	0	
	2006	7	1	1	29	0.03448276	
	2006	7	2	0	1	0	
	2006	8	1	5	151	0.03311258	
	2006	8	2	0	16	0	
	2006	9	1	5	392	0.0127551	
	2006	9	2	0	34	0	
	2006	10	1	7	563	0.01243339	
	2006	10	2	1	117	0.008547009	
	2006	11	1	18	849	0.02120141	
	2006	11	2	2	143	0.01398601	
	2006	12	1	21	918	0.02287582	
	2006	12	2	8	204	0.03921569	
	2006	13	1	25	986	0.02535497	
	2006	13	2	10	212	0.04716981	
	2006	14	1	31	852	0.03638498	
	2006	14	2	8	275	0.02909091	
	2006	15	1	46	900	0.05111111	
	2006	15	2	20	400	0.05	
	2006	16	1	85	857	0.0991832	
	2006	16	2	54	564	0.09574468	
	2006	17	1	96	639	0.1502347	
	2006	17	2	71	575	0.1234783	
	2006	18	1	75	339	0.2212389	
	2006	18	2	74	407	0.1818182	
	2006	19	1	41	125	0.328	
	2006	19	2	57	207	0.2753623	
	2006	20	1	5	13	0.3846154	
	2006	20	2	13	34	0.3823529	
	2007	5	1	0	4	0	
	2007	5	2	1	2	0.5	
	2007	6	1	0	14	0	
	2007	6	2	0	4	0	
	2007	7	1	1	43	0.02325581	
	2007	7	2	0	8	0	
	2007	8	1	2	119	0.01680672	
	2007	8	2	1	24	0.04166667	
	2007	9	1	1	338	0.00295858	
	2007	9	2	1	54	0.01851852	
	2007	10	1	10	601	0.01663894	
	2007	10	2	3	101	0.02970297	
	2007	11	1	13	866	0.01501155	
	2007	11	2	0	156	0	
	2007	12	1	38	1035	0.03671498	
	2007	12	2	6	216	0.02777778	
	2007	13	1	36	1032	0.03488372	
	2007	13	2	11	296	0.03716216	
	2007	14	1	34	947	0.03590285	
	2007	14	2	17	277	0.06137184	
	2007	15	1	55	951	0.05783386	
	2007	15	2	28	418	0.06698565	
	2007	16	1	75	890	0.08426966	
	2007	16	2	40	539	0.0742115	
	2007	17	1	111	737	0.1506106	
	2007	17	2	98	648	0.1512346	
	2007	18	1	77	385	0.2	
	2007	18	2	107	473	0.2262156	
	2007	19	1	48	146	0.3287671	
	2007	19	2	65	224	0.2901786	
	2007	20	1	7	18	0.3888889	
	2007	20	2	14	47	0.2978723	
	2008	5	1	0	5	0	
	2008	6	1	0	8	0	
	2008	6	2	0	5	0	
	2008	7	1	1	32	0.03125	
	2008	7	2	0	4	0	
	2008	8	1	0	104	0	
	2008	8	2	0	24	0	
	2008	9	1	5	411	0.01216545	
	2008	9	2	1	52	0.01923077	
	2008	10	1	8	690	0.0115942	
	2008	10	2	2	108	0.01851852	
	2008	11	1	14	894	0.01565996	
	2008	11	2	6	184	0.0326087	
	2008	12	1	28	994	0.02816901	
	2008	12	2	14	240	0.05833333	
	2008	13	1	37	1188	0.03114478	
	2008	13	2	8	315	0.02539683	
	2008	14	1	45	1025	0.04390244	
	2008	14	2	16	362	0.0441989	
	2008	15	1	60	977	0.06141249	
	2008	15	2	20	492	0.04065041	
	2008	16	1	78	980	0.07959184	
	2008	16	2	44	660	0.06666667	
	2008	17	1	112	774	0.1447028	
	2008	17	2	110	752	0.1462766	
	2008	18	1	101	493	0.2048682	
	2008	18	2	103	561	0.1836007	
	2008	19	1	47	160	0.29375	
	2008	19	2	61	227	0.2687225	
	2008	20	1	11	27	0.4074074	
	2008	20	2	23	53	0.4339623	
	2009	5	1	0	4	0	
	2009	6	1	1	14	0.07142857	
	2009	6	2	0	2	0	
	2009	7	1	0	30	0	
	2009	7	2	0	12	0	
	2009	8	1	0	155	0	
	2009	8	2	0	31	0	
	2009	9	1	3	354	0.008474576	
	2009	9	2	1	59	0.01694915	
	2009	10	1	15	721	0.02080444	
	2009	10	2	3	135	0.02222222	
	2009	11	1	18	1030	0.01747573	
	2009	11	2	1	188	0.005319149	
	2009	12	1	20	1180	0.01694915	
	2009	12	2	4	233	0.01716738	
	2009	13	1	38	1212	0.03135314	
	2009	13	2	10	312	0.03205128	
	2009	14	1	38	1132	0.0335689	
	2009	14	2	18	422	0.04265403	
	2009	15	1	46	1062	0.0433145	
	2009	15	2	23	509	0.04518664	
	2009	16	1	84	1028	0.08171206	
	2009	16	2	46	641	0.07176287	
	2009	17	1	107	806	0.1327543	
	2009	17	2	88	711	0.1237693	
	2009	18	1	109	511	0.2133072	
	2009	18	2	108	593	0.1821248	
	2009	19	1	41	142	0.2887324	
	2009	19	2	60	237	0.2531646	
	2009	20	1	8	26	0.3076923	
	2009	20	2	14	53	0.2641509	
	2010	5	1	0	6	0	
	2010	5	2	0	1	0	
	2010	6	1	0	14	0	
	2010	6	2	0	2	0	
	2010	7	1	1	46	0.02173913	
	2010	7	2	0	18	0	
	2010	8	1	1	148	0.006756757	
	2010	8	2	0	19	0	
	2010	9	1	5	399	0.01253133	
	2010	9	2	1	59	0.01694915	
	2010	10	1	12	788	0.01522843	
	2010	10	2	2	123	0.01626016	
	2010	11	1	13	1174	0.01107325	
	2010	11	2	2	235	0.008510638	
	2010	12	1	24	1323	0.01814059	
	2010	12	2	7	253	0.02766798	
	2010	13	1	28	1497	0.01870407	
	2010	13	2	4	381	0.01049869	
	2010	14	1	45	1301	0.03458878	
	2010	14	2	13	444	0.02927928	
	2010	15	1	59	1147	0.05143854	
	2010	15	2	29	578	0.05017301	
	2010	16	1	64	1133	0.0564872	
	2010	16	2	51	771	0.06614786	
	2010	17	1	106	947	0.1119324	
	2010	17	2	88	793	0.110971	
	2010	18	1	119	584	0.2037671	
	2010	18	2	102	683	0.1493411	
	2010	19	1	39	153	0.254902	
	2010	19	2	51	265	0.1924528	
	2010	20	1	10	35	0.2857143	
	2010	20	2	20	68	0.2941176	
	2011	5	1	0	3	0	
	2011	5	2	0	1	0	
	2011	6	1	1	7	0.1428571	
	2011	6	2	0	4	0	
	2011	7	1	1	36	0.02777778	
	2011	7	2	0	16	0	
	2011	8	1	2	141	0.0141844	
	2011	8	2	0	29	0	
	2011	9	1	5	456	0.01096491	
	2011	9	2	1	81	0.01234568	
	2011	10	1	10	862	0.01160093	
	2011	10	2	4	147	0.02721088	
	2011	11	1	13	1132	0.0114841	
	2011	11	2	2	205	0.009756098	
	2011	12	1	21	1314	0.01598174	
	2011	12	2	6	286	0.02097902	
	2011	13	1	37	1438	0.02573018	
	2011	13	2	8	381	0.02099738	
	2011	14	1	50	1500	0.03333333	
	2011	14	2	13	460	0.02826087	
	2011	15	1	60	1220	0.04918033	
	2011	15	2	26	551	0.04718693	
	2011	16	1	82	1316	0.06231003	
	2011	16	2	40	773	0.05174644	
	2011	17	1	110	1009	0.1090188	
	2011	17	2	89	886	0.1004515	
	2011	18	1	116	626	0.1853035	
	2011	18	2	107	715	0.1496503	
	2011	19	1	47	188	0.25	
	2011	19	2	53	299	0.1772575	
	2011	20	1	6	36	0.1666667	
	2011	20	2	17	70	0.2428571	
	2012	5	1	0	5	0	
	2012	5	2	0	2	0	
	2012	6	1	1	18	0.05555556	
	2012	6	2	0	1	0	
	2012	7	1	0	64	0	
	2012	7	2	0	4	0	
	2012	8	1	1	118	0.008474576	
	2012	8	2	0	21	0	
	2012	9	1	5	397	0.01259446	
	2012	9	2	3	68	0.04411765	
	2012	10	1	17	842	0.02019002	
	2012	10	2	4	148	0.02702703	
	2012	11	1	21	1172	0.01791809	
	2012	11	2	3	232	0.01293103	
	2012	12	1	27	1298	0.02080123	
	2012	12	2	6	281	0.02135231	
	2012	13	1	35	1458	0.02400549	
	2012	13	2	14	421	0.03325416	
	2012	14	1	61	1458	0.04183813	
	2012	14	2	11	447	0.0246085	
	2012	15	1	56	1300	0.04307692	
	2012	15	2	31	616	0.05032468	
	2012	16	1	65	1186	0.05480607	
	2012	16	2	61	711	0.08579466	
	2012	17	1	112	1047	0.1069723	
	2012	17	2	67	830	0.08072289	
	2012	18	1	88	621	0.1417069	
	2012	18	2	103	653	0.1577335	
	2012	19	1	49	182	0.2692308	
	2012	19	2	74	296	0.25	
	2012	20	1	16	39	0.4102564	
	2012	20	2	15	63	0.2380952	
	2013	5	1	0	5	0	
	2013	5	2	0	5	0	
	2013	6	1	0	18	0	
	2013	6	2	0	5	0	
	2013	7	1	0	54	0	
	2013	8	1	0	132	0	
	2013	8	2	0	27	0	
	2013	9	1	5	374	0.01336898	
	2013	9	2	0	71	0	
	2013	10	1	17	824	0.02063107	
	2013	10	2	3	126	0.02380952	
	2013	11	1	13	1135	0.01145374	
	2013	11	2	3	229	0.01310044	
	2013	12	1	34	1366	0.02489019	
	2013	12	2	10	267	0.03745318	
	2013	13	1	28	1355	0.02066421	
	2013	13	2	17	415	0.04096386	
	2013	14	1	48	1397	0.03435934	
	2013	14	2	15	481	0.03118503	
	2013	15	1	59	1358	0.04344624	
	2013	15	2	29	584	0.04965753	
	2013	16	1	76	1252	0.06070288	
	2013	16	2	37	693	0.05339105	
	2013	17	1	114	1050	0.1085714	
	2013	17	2	91	838	0.1085919	
	2013	18	1	98	655	0.1496183	
	2013	18	2	96	703	0.1365576	
	2013	19	1	40	202	0.1980198	
	2013	19	2	79	337	0.2344214	
	2013	20	1	11	33	0.3333333	
	2013	20	2	14	74	0.1891892	

