
	F.1.1.M Extrakranielle Gefäss­OP, Mortalität // OP des vaisseaux extra­crâniens, mortalité // Interventi sui vasi extracranici, mortalità
	BAG/OFSP/UFSP - CH-IQI Version V4.0 - Daten 2013 - 27. Juli 2015

	Jahr	AltEGrp	Sex	DeathCH	CasesCH	pCH	
	1998	8	1	0	1	0	
	1998	9	1	0	1	0	
	1998	10	1	0	3	0	
	1998	10	2	0	2	0	
	1998	11	1	0	12	0	
	1998	11	2	0	3	0	
	1998	12	1	0	22	0	
	1998	12	2	0	18	0	
	1998	13	1	1	39	0.02564103	
	1998	13	2	0	12	0	
	1998	14	1	0	48	0	
	1998	14	2	0	22	0	
	1998	15	1	0	56	0	
	1998	15	2	0	23	0	
	1998	16	1	0	41	0	
	1998	16	2	0	23	0	
	1998	17	1	0	16	0	
	1998	17	2	0	11	0	
	1998	18	1	0	1	0	
	1998	18	2	0	2	0	
	1998	19	1	0	1	0	
	1999	7	2	0	1	0	
	1999	8	2	0	1	0	
	1999	9	1	0	1	0	
	1999	10	1	0	3	0	
	1999	10	2	0	1	0	
	1999	11	1	0	17	0	
	1999	11	2	0	5	0	
	1999	12	1	1	36	0.02777778	
	1999	12	2	0	11	0	
	1999	13	1	1	50	0.02	
	1999	13	2	0	19	0	
	1999	14	1	0	94	0	
	1999	14	2	0	30	0	
	1999	15	1	1	98	0.01020408	
	1999	15	2	0	35	0	
	1999	16	1	0	74	0	
	1999	16	2	0	37	0	
	1999	17	1	0	28	0	
	1999	17	2	1	17	0.05882353	
	1999	18	1	0	5	0	
	1999	18	2	0	3	0	
	1999	19	2	0	2	0	
	2000	7	1	0	1	0	
	2000	8	2	0	1	0	
	2000	9	1	0	2	0	
	2000	9	2	0	1	0	
	2000	10	1	0	7	0	
	2000	10	2	0	4	0	
	2000	11	1	0	14	0	
	2000	11	2	0	7	0	
	2000	12	1	0	29	0	
	2000	12	2	0	13	0	
	2000	13	1	0	60	0	
	2000	13	2	0	15	0	
	2000	14	1	0	85	0	
	2000	14	2	0	38	0	
	2000	15	1	1	117	0.008547009	
	2000	15	2	0	61	0	
	2000	16	1	2	87	0.02298851	
	2000	16	2	0	47	0	
	2000	17	1	0	44	0	
	2000	17	2	1	18	0.05555556	
	2000	18	1	0	7	0	
	2000	18	2	0	6	0	
	2001	9	1	0	4	0	
	2001	9	2	0	3	0	
	2001	10	1	0	5	0	
	2001	10	2	0	3	0	
	2001	11	1	0	18	0	
	2001	11	2	0	6	0	
	2001	12	1	0	38	0	
	2001	12	2	0	17	0	
	2001	13	1	0	75	0	
	2001	13	2	0	27	0	
	2001	14	1	0	88	0	
	2001	14	2	0	43	0	
	2001	15	1	1	115	0.008695652	
	2001	15	2	1	48	0.02083333	
	2001	16	1	1	83	0.01204819	
	2001	16	2	0	50	0	
	2001	17	1	2	66	0.03030303	
	2001	17	2	0	21	0	
	2001	18	1	0	15	0	
	2001	18	2	0	10	0	
	2001	19	1	0	1	0	
	2001	20	1	0	1	0	
	2002	6	2	1	1	1	
	2002	7	2	0	1	0	
	2002	9	1	0	3	0	
	2002	9	2	0	1	0	
	2002	10	1	0	7	0	
	2002	10	2	0	1	0	
	2002	11	1	0	19	0	
	2002	11	2	1	8	0.125	
	2002	12	1	0	45	0	
	2002	12	2	0	24	0	
	2002	13	1	1	72	0.01388889	
	2002	13	2	0	30	0	
	2002	14	1	0	88	0	
	2002	14	2	0	37	0	
	2002	15	1	2	132	0.01515152	
	2002	15	2	0	60	0	
	2002	16	1	1	103	0.009708738	
	2002	16	2	1	64	0.015625	
	2002	17	1	1	43	0.02325581	
	2002	17	2	0	33	0	
	2002	18	1	0	8	0	
	2002	18	2	0	4	0	
	2002	19	1	0	2	0	
	2003	7	2	0	1	0	
	2003	9	1	0	1	0	
	2003	9	2	0	2	0	
	2003	10	1	0	6	0	
	2003	11	1	0	20	0	
	2003	11	2	0	6	0	
	2003	12	1	0	45	0	
	2003	12	2	0	11	0	
	2003	13	1	0	85	0	
	2003	13	2	0	21	0	
	2003	14	1	0	104	0	
	2003	14	2	1	51	0.01960784	
	2003	15	1	0	141	0	
	2003	15	2	0	65	0	
	2003	16	1	1	124	0.008064516	
	2003	16	2	1	54	0.01851852	
	2003	17	1	2	45	0.04444444	
	2003	17	2	0	32	0	
	2003	18	1	0	13	0	
	2003	18	2	1	8	0.125	
	2003	19	1	0	1	0	
	2003	19	2	0	2	0	
	2004	8	1	0	1	0	
	2004	9	1	1	6	0.1666667	
	2004	10	1	0	4	0	
	2004	10	2	0	3	0	
	2004	11	1	0	13	0	
	2004	11	2	0	7	0	
	2004	12	1	0	46	0	
	2004	12	2	0	15	0	
	2004	13	1	0	84	0	
	2004	13	2	0	26	0	
	2004	14	1	1	106	0.009433962	
	2004	14	2	1	41	0.02439024	
	2004	15	1	2	140	0.01428571	
	2004	15	2	0	52	0	
	2004	16	1	3	112	0.02678571	
	2004	16	2	0	79	0	
	2004	17	1	1	61	0.01639344	
	2004	17	2	3	54	0.05555556	
	2004	18	1	0	12	0	
	2004	18	2	0	3	0	
	2004	19	1	0	1	0	
	2005	8	1	0	1	0	
	2005	9	2	0	1	0	
	2005	10	1	0	7	0	
	2005	10	2	0	3	0	
	2005	11	1	0	20	0	
	2005	11	2	0	12	0	
	2005	12	1	0	41	0	
	2005	12	2	0	13	0	
	2005	13	1	0	87	0	
	2005	13	2	0	33	0	
	2005	14	1	1	110	0.009090909	
	2005	14	2	0	46	0	
	2005	15	1	1	123	0.008130081	
	2005	15	2	1	52	0.01923077	
	2005	16	1	2	143	0.01398601	
	2005	16	2	0	64	0	
	2005	17	1	0	79	0	
	2005	17	2	0	31	0	
	2005	18	1	0	11	0	
	2005	18	2	0	6	0	
	2005	19	1	0	2	0	
	2005	19	2	0	1	0	
	2006	8	1	0	1	0	
	2006	9	2	0	3	0	
	2006	10	1	0	8	0	
	2006	10	2	0	3	0	
	2006	11	1	0	25	0	
	2006	11	2	0	5	0	
	2006	12	1	1	59	0.01694915	
	2006	12	2	0	22	0	
	2006	13	1	0	82	0	
	2006	13	2	0	30	0	
	2006	14	1	0	120	0	
	2006	14	2	0	43	0	
	2006	15	1	0	128	0	
	2006	15	2	0	55	0	
	2006	16	1	0	141	0	
	2006	16	2	0	66	0	
	2006	17	1	0	73	0	
	2006	17	2	0	36	0	
	2006	18	1	1	18	0.05555556	
	2006	18	2	0	12	0	
	2006	19	1	0	4	0	
	2006	20	1	0	1	0	
	2007	5	1	0	1	0	
	2007	10	1	0	5	0	
	2007	10	2	0	4	0	
	2007	11	1	0	20	0	
	2007	11	2	0	11	0	
	2007	12	1	2	43	0.04651163	
	2007	12	2	0	23	0	
	2007	13	1	1	91	0.01098901	
	2007	13	2	2	31	0.06451613	
	2007	14	1	0	125	0	
	2007	14	2	0	40	0	
	2007	15	1	0	136	0	
	2007	15	2	0	62	0	
	2007	16	1	1	139	0.007194245	
	2007	16	2	1	59	0.01694915	
	2007	17	1	0	66	0	
	2007	17	2	0	45	0	
	2007	18	1	0	16	0	
	2007	18	2	1	18	0.05555556	
	2007	19	1	0	3	0	
	2007	19	2	0	1	0	
	2008	9	1	0	2	0	
	2008	10	1	0	4	0	
	2008	10	2	0	4	0	
	2008	11	1	0	24	0	
	2008	11	2	0	5	0	
	2008	12	1	0	39	0	
	2008	12	2	0	18	0	
	2008	13	1	0	88	0	
	2008	13	2	0	19	0	
	2008	14	1	0	121	0	
	2008	14	2	1	43	0.02325581	
	2008	15	1	0	155	0	
	2008	15	2	0	68	0	
	2008	16	1	1	147	0.006802721	
	2008	16	2	1	64	0.015625	
	2008	17	1	0	73	0	
	2008	17	2	0	36	0	
	2008	18	1	0	17	0	
	2008	18	2	0	9	0	
	2008	19	1	0	4	0	
	2009	4	2	0	1	0	
	2009	8	1	0	1	0	
	2009	9	2	0	2	0	
	2009	10	1	0	10	0	
	2009	10	2	0	5	0	
	2009	11	1	0	19	0	
	2009	11	2	0	7	0	
	2009	12	1	0	46	0	
	2009	12	2	0	11	0	
	2009	13	1	0	95	0	
	2009	13	2	0	36	0	
	2009	14	1	0	113	0	
	2009	14	2	0	45	0	
	2009	15	1	3	145	0.02068966	
	2009	15	2	0	64	0	
	2009	16	1	0	143	0	
	2009	16	2	0	64	0	
	2009	17	1	0	66	0	
	2009	17	2	0	38	0	
	2009	18	1	1	19	0.05263158	
	2009	18	2	1	16	0.0625	
	2009	19	1	0	2	0	
	2010	10	1	0	5	0	
	2010	10	2	0	1	0	
	2010	11	1	0	23	0	
	2010	11	2	0	4	0	
	2010	12	1	0	46	0	
	2010	12	2	0	17	0	
	2010	13	1	0	89	0	
	2010	13	2	0	24	0	
	2010	14	1	0	107	0	
	2010	14	2	0	43	0	
	2010	15	1	0	158	0	
	2010	15	2	0	80	0	
	2010	16	1	0	155	0	
	2010	16	2	0	75	0	
	2010	17	1	1	76	0.01315789	
	2010	17	2	1	44	0.02272727	
	2010	18	1	1	18	0.05555556	
	2010	18	2	0	13	0	
	2010	19	1	0	2	0	
	2010	19	2	0	1	0	
	2011	4	2	0	1	0	
	2011	9	1	0	1	0	
	2011	9	2	0	2	0	
	2011	10	1	0	6	0	
	2011	10	2	0	5	0	
	2011	11	1	0	10	0	
	2011	11	2	0	4	0	
	2011	12	1	0	48	0	
	2011	12	2	0	13	0	
	2011	13	1	0	85	0	
	2011	13	2	0	22	0	
	2011	14	1	2	129	0.01550388	
	2011	14	2	0	41	0	
	2011	15	1	0	131	0	
	2011	15	2	1	59	0.01694915	
	2011	16	1	0	145	0	
	2011	16	2	0	66	0	
	2011	17	1	0	98	0	
	2011	17	2	0	45	0	
	2011	18	1	2	28	0.07142857	
	2011	18	2	0	9	0	
	2011	19	1	0	4	0	
	2011	19	2	0	6	0	
	2012	10	1	0	5	0	
	2012	10	2	0	2	0	
	2012	11	1	0	22	0	
	2012	11	2	0	6	0	
	2012	12	1	0	36	0	
	2012	12	2	0	11	0	
	2012	13	1	0	70	0	
	2012	13	2	0	37	0	
	2012	14	1	0	124	0	
	2012	14	2	0	31	0	
	2012	15	1	1	126	0.007936508	
	2012	15	2	0	65	0	
	2012	16	1	2	140	0.01428571	
	2012	16	2	1	54	0.01851852	
	2012	17	1	3	93	0.03225806	
	2012	17	2	0	57	0	
	2012	18	1	0	28	0	
	2012	18	2	1	16	0.0625	
	2012	19	1	0	3	0	
	2012	19	2	0	2	0	
	2012	20	1	0	1	0	
	2013	10	1	0	4	0	
	2013	10	2	0	1	0	
	2013	11	1	0	13	0	
	2013	11	2	0	5	0	
	2013	12	1	0	47	0	
	2013	12	2	0	17	0	
	2013	13	1	1	86	0.01162791	
	2013	13	2	1	29	0.03448276	
	2013	14	1	0	151	0	
	2013	14	2	0	49	0	
	2013	15	1	0	124	0	
	2013	15	2	1	72	0.01388889	
	2013	16	1	1	154	0.006493506	
	2013	16	2	0	73	0	
	2013	17	1	0	91	0	
	2013	17	2	2	45	0.04444444	
	2013	18	1	0	27	0	
	2013	18	2	0	14	0	
	2013	19	1	0	2	0	
	2013	19	2	0	1	0	

