
	E.4.1.M Kolorektale Resektionen insgesamt, Mortalität // Total des résections colorectales, mortalité // Numero totale di resezioni colorettali, mortalità
	BAG/OFSP/UFSP - CH-IQI Version V4.0 - Daten 2013 - 27. Juli 2015

	Jahr	AltEGrp	Sex	DeathCH	CasesCH	pCH	
	1998	1	1	0	19	0	
	1998	1	2	0	10	0	
	1998	2	1	0	1	0	
	1998	2	2	0	2	0	
	1998	3	1	0	2	0	
	1998	3	2	0	1	0	
	1998	4	1	0	6	0	
	1998	4	2	0	8	0	
	1998	5	1	0	14	0	
	1998	5	2	0	14	0	
	1998	6	1	0	18	0	
	1998	6	2	0	22	0	
	1998	7	1	0	30	0	
	1998	7	2	0	30	0	
	1998	8	1	0	46	0	
	1998	8	2	0	45	0	
	1998	9	1	3	64	0.046875	
	1998	9	2	2	71	0.02816901	
	1998	10	1	3	112	0.02678571	
	1998	10	2	1	101	0.00990099	
	1998	11	1	3	185	0.01621622	
	1998	11	2	2	158	0.01265823	
	1998	12	1	2	214	0.009345794	
	1998	12	2	3	196	0.01530612	
	1998	13	1	8	276	0.02898551	
	1998	13	2	7	233	0.03004292	
	1998	14	1	5	288	0.01736111	
	1998	14	2	6	272	0.02205882	
	1998	15	1	11	271	0.04059041	
	1998	15	2	16	319	0.05015674	
	1998	16	1	22	269	0.08178439	
	1998	16	2	12	326	0.03680982	
	1998	17	1	12	144	0.08333333	
	1998	17	2	18	212	0.08490566	
	1998	18	1	12	98	0.122449	
	1998	18	2	12	153	0.07843137	
	1998	19	1	2	15	0.1333333	
	1998	19	2	6	36	0.1666667	
	1998	20	1	1	2	0.5	
	1998	20	2	0	3	0	
	1999	1	1	0	28	0	
	1999	1	2	1	12	0.08333333	
	1999	2	1	0	4	0	
	1999	3	1	0	4	0	
	1999	3	2	0	3	0	
	1999	4	1	0	13	0	
	1999	4	2	0	9	0	
	1999	5	1	0	19	0	
	1999	5	2	0	19	0	
	1999	6	1	0	23	0	
	1999	6	2	0	37	0	
	1999	7	1	0	39	0	
	1999	7	2	0	36	0	
	1999	8	1	0	69	0	
	1999	8	2	0	61	0	
	1999	9	1	1	103	0.009708738	
	1999	9	2	1	89	0.01123596	
	1999	10	1	0	134	0	
	1999	10	2	1	141	0.007092199	
	1999	11	1	2	235	0.008510638	
	1999	11	2	0	211	0	
	1999	12	1	5	262	0.01908397	
	1999	12	2	3	245	0.0122449	
	1999	13	1	6	302	0.01986755	
	1999	13	2	1	329	0.003039514	
	1999	14	1	13	373	0.03485255	
	1999	14	2	4	359	0.01114206	
	1999	15	1	17	373	0.04557641	
	1999	15	2	14	449	0.0311804	
	1999	16	1	20	364	0.05494505	
	1999	16	2	26	420	0.06190476	
	1999	17	1	14	217	0.06451613	
	1999	17	2	27	297	0.09090909	
	1999	18	1	13	78	0.1666667	
	1999	18	2	26	212	0.1226415	
	1999	19	1	6	23	0.2608696	
	1999	19	2	5	46	0.1086957	
	1999	20	1	1	2	0.5	
	1999	20	2	1	1	1	
	2000	1	1	1	31	0.03225806	
	2000	1	2	0	13	0	
	2000	2	1	0	1	0	
	2000	2	2	0	1	0	
	2000	3	1	0	4	0	
	2000	3	2	0	1	0	
	2000	4	1	0	12	0	
	2000	4	2	0	17	0	
	2000	5	1	0	18	0	
	2000	5	2	0	22	0	
	2000	6	1	0	24	0	
	2000	6	2	1	34	0.02941176	
	2000	7	1	1	40	0.025	
	2000	7	2	0	48	0	
	2000	8	1	0	83	0	
	2000	8	2	0	61	0	
	2000	9	1	1	119	0.008403361	
	2000	9	2	1	106	0.009433962	
	2000	10	1	3	150	0.02	
	2000	10	2	1	164	0.006097561	
	2000	11	1	4	276	0.01449275	
	2000	11	2	2	264	0.007575758	
	2000	12	1	2	351	0.005698006	
	2000	12	2	1	321	0.003115265	
	2000	13	1	13	352	0.03693182	
	2000	13	2	3	334	0.008982036	
	2000	14	1	9	398	0.02261307	
	2000	14	2	8	431	0.01856148	
	2000	15	1	28	410	0.06829268	
	2000	15	2	10	476	0.0210084	
	2000	16	1	30	374	0.0802139	
	2000	16	2	27	479	0.05636743	
	2000	17	1	24	234	0.1025641	
	2000	17	2	32	342	0.09356725	
	2000	18	1	17	105	0.1619048	
	2000	18	2	25	201	0.1243781	
	2000	19	1	6	28	0.2142857	
	2000	19	2	9	59	0.1525424	
	2000	20	1	1	3	0.3333333	
	2000	20	2	0	4	0	
	2001	1	1	0	15	0	
	2001	1	2	0	4	0	
	2001	2	1	0	1	0	
	2001	2	2	0	2	0	
	2001	3	1	0	1	0	
	2001	4	1	0	8	0	
	2001	4	2	0	13	0	
	2001	5	1	0	23	0	
	2001	5	2	0	18	0	
	2001	6	1	0	24	0	
	2001	6	2	0	19	0	
	2001	7	1	1	51	0.01960784	
	2001	7	2	0	44	0	
	2001	8	1	0	96	0	
	2001	8	2	0	88	0	
	2001	9	1	0	129	0	
	2001	9	2	0	118	0	
	2001	10	1	2	194	0.01030928	
	2001	10	2	1	194	0.005154639	
	2001	11	1	1	306	0.003267974	
	2001	11	2	1	255	0.003921569	
	2001	12	1	3	425	0.007058824	
	2001	12	2	2	388	0.005154639	
	2001	13	1	8	405	0.01975309	
	2001	13	2	9	398	0.02261307	
	2001	14	1	14	503	0.027833	
	2001	14	2	15	505	0.02970297	
	2001	15	1	21	511	0.04109589	
	2001	15	2	18	565	0.03185841	
	2001	16	1	34	449	0.07572383	
	2001	16	2	34	564	0.06028369	
	2001	17	1	29	246	0.1178862	
	2001	17	2	34	411	0.08272506	
	2001	18	1	17	115	0.1478261	
	2001	18	2	24	235	0.1021277	
	2001	19	1	5	24	0.2083333	
	2001	19	2	13	73	0.1780822	
	2001	20	1	0	1	0	
	2001	20	2	1	6	0.1666667	
	2002	1	1	0	18	0	
	2002	1	2	0	9	0	
	2002	2	1	0	6	0	
	2002	2	2	0	3	0	
	2002	3	1	0	3	0	
	2002	3	2	0	4	0	
	2002	4	1	0	8	0	
	2002	4	2	0	6	0	
	2002	5	1	0	28	0	
	2002	5	2	0	28	0	
	2002	6	1	0	26	0	
	2002	6	2	0	37	0	
	2002	7	1	1	40	0.025	
	2002	7	2	0	49	0	
	2002	8	1	2	90	0.02222222	
	2002	8	2	0	90	0	
	2002	9	1	0	140	0	
	2002	9	2	0	105	0	
	2002	10	1	0	204	0	
	2002	10	2	3	196	0.01530612	
	2002	11	1	6	311	0.0192926	
	2002	11	2	5	285	0.01754386	
	2002	12	1	11	439	0.02505695	
	2002	12	2	3	395	0.007594937	
	2002	13	1	15	443	0.03386005	
	2002	13	2	8	447	0.01789709	
	2002	14	1	17	489	0.03476483	
	2002	14	2	7	524	0.01335878	
	2002	15	1	21	506	0.04150198	
	2002	15	2	31	571	0.05429072	
	2002	16	1	36	457	0.07877462	
	2002	16	2	38	567	0.0670194	
	2002	17	1	25	293	0.08532423	
	2002	17	2	34	451	0.07538803	
	2002	18	1	22	138	0.1594203	
	2002	18	2	32	231	0.1385281	
	2002	19	1	9	37	0.2432432	
	2002	19	2	19	64	0.296875	
	2002	20	1	1	3	0.3333333	
	2002	20	2	0	9	0	
	2003	1	1	0	18	0	
	2003	1	2	1	13	0.07692308	
	2003	2	1	0	4	0	
	2003	2	2	0	3	0	
	2003	3	1	0	4	0	
	2003	4	1	0	15	0	
	2003	4	2	0	10	0	
	2003	5	1	0	21	0	
	2003	5	2	0	24	0	
	2003	6	1	1	33	0.03030303	
	2003	6	2	0	30	0	
	2003	7	1	0	63	0	
	2003	7	2	0	64	0	
	2003	8	1	0	85	0	
	2003	8	2	0	74	0	
	2003	9	1	1	172	0.005813953	
	2003	9	2	0	149	0	
	2003	10	1	3	208	0.01442308	
	2003	10	2	1	226	0.004424779	
	2003	11	1	3	335	0.008955224	
	2003	11	2	5	342	0.01461988	
	2003	12	1	9	511	0.01761252	
	2003	12	2	4	432	0.009259259	
	2003	13	1	15	496	0.03024194	
	2003	13	2	9	497	0.01810865	
	2003	14	1	18	544	0.03308824	
	2003	14	2	18	605	0.02975207	
	2003	15	1	37	580	0.0637931	
	2003	15	2	24	617	0.03889789	
	2003	16	1	31	507	0.06114398	
	2003	16	2	44	618	0.07119741	
	2003	17	1	41	333	0.1231231	
	2003	17	2	45	459	0.09803922	
	2003	18	1	20	121	0.1652893	
	2003	18	2	36	260	0.1384615	
	2003	19	1	8	34	0.2352941	
	2003	19	2	18	85	0.2117647	
	2003	20	1	1	3	0.3333333	
	2003	20	2	0	8	0	
	2004	1	1	3	31	0.09677419	
	2004	1	2	0	14	0	
	2004	2	1	0	2	0	
	2004	2	2	0	2	0	
	2004	3	1	0	6	0	
	2004	3	2	0	2	0	
	2004	4	1	0	9	0	
	2004	4	2	0	12	0	
	2004	5	1	0	18	0	
	2004	5	2	0	19	0	
	2004	6	1	0	48	0	
	2004	6	2	0	34	0	
	2004	7	1	0	70	0	
	2004	7	2	0	72	0	
	2004	8	1	0	119	0	
	2004	8	2	0	90	0	
	2004	9	1	1	179	0.005586592	
	2004	9	2	2	150	0.01333333	
	2004	10	1	4	234	0.01709402	
	2004	10	2	1	246	0.004065041	
	2004	11	1	5	333	0.01501502	
	2004	11	2	8	310	0.02580645	
	2004	12	1	5	514	0.009727626	
	2004	12	2	6	493	0.01217039	
	2004	13	1	14	551	0.02540835	
	2004	13	2	10	552	0.01811594	
	2004	14	1	22	549	0.04007286	
	2004	14	2	16	569	0.02811951	
	2004	15	1	26	578	0.0449827	
	2004	15	2	31	659	0.04704097	
	2004	16	1	44	527	0.08349146	
	2004	16	2	35	641	0.05460218	
	2004	17	1	53	333	0.1591592	
	2004	17	2	57	577	0.09878683	
	2004	18	1	19	139	0.1366906	
	2004	18	2	36	246	0.1463415	
	2004	19	1	11	36	0.3055556	
	2004	19	2	17	86	0.1976744	
	2004	20	1	1	4	0.25	
	2004	20	2	4	6	0.6666667	
	2005	1	1	0	18	0	
	2005	1	2	0	16	0	
	2005	2	1	0	3	0	
	2005	2	2	0	4	0	
	2005	3	1	1	6	0.1666667	
	2005	3	2	0	3	0	
	2005	4	1	1	12	0.08333333	
	2005	4	2	0	15	0	
	2005	5	1	0	18	0	
	2005	5	2	0	23	0	
	2005	6	1	0	29	0	
	2005	6	2	1	41	0.02439024	
	2005	7	1	0	71	0	
	2005	7	2	1	76	0.01315789	
	2005	8	1	2	116	0.01724138	
	2005	8	2	0	97	0	
	2005	9	1	0	178	0	
	2005	9	2	1	166	0.006024096	
	2005	10	1	0	252	0	
	2005	10	2	0	228	0	
	2005	11	1	5	346	0.01445087	
	2005	11	2	2	329	0.006079027	
	2005	12	1	11	525	0.02095238	
	2005	12	2	6	501	0.01197605	
	2005	13	1	14	614	0.0228013	
	2005	13	2	4	603	0.006633499	
	2005	14	1	23	587	0.03918228	
	2005	14	2	12	613	0.01957586	
	2005	15	1	32	613	0.05220228	
	2005	15	2	21	722	0.02908587	
	2005	16	1	44	527	0.08349146	
	2005	16	2	30	697	0.04304161	
	2005	17	1	46	381	0.1207349	
	2005	17	2	62	536	0.1156716	
	2005	18	1	34	181	0.1878453	
	2005	18	2	46	255	0.1803922	
	2005	19	1	13	40	0.325	
	2005	19	2	12	83	0.1445783	
	2005	20	1	2	7	0.2857143	
	2005	20	2	5	18	0.2777778	
	2006	1	1	0	22	0	
	2006	1	2	2	12	0.1666667	
	2006	2	1	0	4	0	
	2006	2	2	0	2	0	
	2006	3	1	0	5	0	
	2006	3	2	0	3	0	
	2006	4	1	0	20	0	
	2006	4	2	0	13	0	
	2006	5	1	1	24	0.04166667	
	2006	5	2	0	14	0	
	2006	6	1	0	42	0	
	2006	6	2	1	34	0.02941176	
	2006	7	1	0	54	0	
	2006	7	2	0	42	0	
	2006	8	1	1	105	0.00952381	
	2006	8	2	0	86	0	
	2006	9	1	2	173	0.01156069	
	2006	9	2	2	159	0.01257862	
	2006	10	1	2	240	0.008333333	
	2006	10	2	1	234	0.004273504	
	2006	11	1	6	392	0.01530612	
	2006	11	2	4	336	0.01190476	
	2006	12	1	12	504	0.02380952	
	2006	12	2	10	511	0.01956947	
	2006	13	1	18	629	0.02861685	
	2006	13	2	3	646	0.004643963	
	2006	14	1	19	600	0.03166667	
	2006	14	2	12	600	0.02	
	2006	15	1	32	562	0.0569395	
	2006	15	2	31	648	0.04783951	
	2006	16	1	57	541	0.1053604	
	2006	16	2	38	683	0.0556369	
	2006	17	1	31	358	0.08659218	
	2006	17	2	64	569	0.112478	
	2006	18	1	30	168	0.1785714	
	2006	18	2	40	287	0.1393728	
	2006	19	1	11	29	0.3793103	
	2006	19	2	23	70	0.3285714	
	2006	20	1	0	6	0	
	2006	20	2	5	14	0.3571429	
	2007	1	1	0	24	0	
	2007	1	2	1	16	0.0625	
	2007	2	1	0	4	0	
	2007	2	2	0	3	0	
	2007	3	1	0	8	0	
	2007	3	2	0	1	0	
	2007	4	1	0	27	0	
	2007	4	2	0	12	0	
	2007	5	1	1	28	0.03571429	
	2007	5	2	0	15	0	
	2007	6	1	0	43	0	
	2007	6	2	0	54	0	
	2007	7	1	0	72	0	
	2007	7	2	1	55	0.01818182	
	2007	8	1	0	117	0	
	2007	8	2	1	79	0.01265823	
	2007	9	1	2	186	0.01075269	
	2007	9	2	3	155	0.01935484	
	2007	10	1	3	259	0.01158301	
	2007	10	2	3	258	0.01162791	
	2007	11	1	1	362	0.002762431	
	2007	11	2	2	350	0.005714286	
	2007	12	1	6	538	0.01115242	
	2007	12	2	3	517	0.005802708	
	2007	13	1	12	667	0.017991	
	2007	13	2	4	655	0.00610687	
	2007	14	1	13	660	0.01969697	
	2007	14	2	23	673	0.03417533	
	2007	15	1	30	640	0.046875	
	2007	15	2	21	728	0.02884615	
	2007	16	1	56	606	0.09240924	
	2007	16	2	40	712	0.05617978	
	2007	17	1	55	393	0.1399491	
	2007	17	2	54	571	0.09457093	
	2007	18	1	36	191	0.1884817	
	2007	18	2	40	289	0.1384083	
	2007	19	1	7	40	0.175	
	2007	19	2	15	73	0.2054795	
	2007	20	1	0	3	0	
	2007	20	2	6	17	0.3529412	
	2008	1	1	0	33	0	
	2008	1	2	2	15	0.1333333	
	2008	2	1	0	6	0	
	2008	2	2	0	1	0	
	2008	3	1	0	4	0	
	2008	3	2	0	7	0	
	2008	4	1	0	19	0	
	2008	4	2	0	12	0	
	2008	5	1	1	27	0.03703704	
	2008	5	2	0	27	0	
	2008	6	1	0	49	0	
	2008	6	2	2	47	0.04255319	
	2008	7	1	0	64	0	
	2008	7	2	0	62	0	
	2008	8	1	0	87	0	
	2008	8	2	1	77	0.01298701	
	2008	9	1	1	177	0.005649718	
	2008	9	2	0	169	0	
	2008	10	1	2	261	0.007662835	
	2008	10	2	1	242	0.004132231	
	2008	11	1	2	344	0.005813953	
	2008	11	2	4	327	0.01223242	
	2008	12	1	10	518	0.01930502	
	2008	12	2	9	520	0.01730769	
	2008	13	1	17	643	0.02643857	
	2008	13	2	14	683	0.0204978	
	2008	14	1	24	673	0.03566122	
	2008	14	2	19	664	0.02861446	
	2008	15	1	33	661	0.04992436	
	2008	15	2	21	738	0.02845528	
	2008	16	1	39	611	0.06382979	
	2008	16	2	61	718	0.08495822	
	2008	17	1	57	403	0.1414392	
	2008	17	2	36	571	0.06304729	
	2008	18	1	39	179	0.2178771	
	2008	18	2	28	311	0.09003215	
	2008	19	1	6	37	0.1621622	
	2008	19	2	15	91	0.1648352	
	2008	20	1	3	6	0.5	
	2008	20	2	1	8	0.125	
	2009	1	1	0	34	0	
	2009	1	2	1	13	0.07692308	
	2009	2	1	0	4	0	
	2009	2	2	0	1	0	
	2009	3	1	1	7	0.1428571	
	2009	3	2	0	4	0	
	2009	4	1	0	14	0	
	2009	4	2	0	19	0	
	2009	5	1	1	39	0.02564103	
	2009	5	2	1	25	0.04	
	2009	6	1	0	37	0	
	2009	6	2	0	35	0	
	2009	7	1	0	64	0	
	2009	7	2	0	60	0	
	2009	8	1	0	97	0	
	2009	8	2	0	75	0	
	2009	9	1	1	187	0.005347594	
	2009	9	2	1	144	0.006944444	
	2009	10	1	1	239	0.0041841	
	2009	10	2	1	223	0.004484305	
	2009	11	1	8	355	0.02253521	
	2009	11	2	6	385	0.01558442	
	2009	12	1	13	468	0.02777778	
	2009	12	2	8	497	0.01609658	
	2009	13	1	17	630	0.02698413	
	2009	13	2	8	651	0.01228879	
	2009	14	1	33	699	0.0472103	
	2009	14	2	14	688	0.02034884	
	2009	15	1	36	662	0.05438066	
	2009	15	2	32	668	0.04790419	
	2009	16	1	46	564	0.08156028	
	2009	16	2	49	719	0.06815021	
	2009	17	1	53	402	0.1318408	
	2009	17	2	52	567	0.09171076	
	2009	18	1	43	173	0.2485549	
	2009	18	2	54	313	0.172524	
	2009	19	1	8	35	0.2285714	
	2009	19	2	19	73	0.260274	
	2009	20	1	0	3	0	
	2009	20	2	2	12	0.1666667	
	2010	1	1	0	35	0	
	2010	1	2	2	9	0.2222222	
	2010	2	1	0	6	0	
	2010	2	2	0	5	0	
	2010	3	1	0	2	0	
	2010	3	2	0	4	0	
	2010	4	1	0	16	0	
	2010	4	2	0	9	0	
	2010	5	1	0	19	0	
	2010	5	2	0	34	0	
	2010	6	1	0	42	0	
	2010	6	2	0	38	0	
	2010	7	1	0	76	0	
	2010	7	2	0	66	0	
	2010	8	1	2	103	0.01941748	
	2010	8	2	0	91	0	
	2010	9	1	0	168	0	
	2010	9	2	1	136	0.007352941	
	2010	10	1	7	276	0.02536232	
	2010	10	2	2	267	0.007490637	
	2010	11	1	6	376	0.01595745	
	2010	11	2	2	332	0.006024096	
	2010	12	1	5	456	0.01096491	
	2010	12	2	7	434	0.01612903	
	2010	13	1	15	620	0.02419355	
	2010	13	2	10	602	0.0166113	
	2010	14	1	20	717	0.027894	
	2010	14	2	22	764	0.02879581	
	2010	15	1	42	607	0.06919275	
	2010	15	2	19	643	0.02954899	
	2010	16	1	46	555	0.08288288	
	2010	16	2	33	625	0.0528	
	2010	17	1	47	419	0.1121718	
	2010	17	2	68	560	0.1214286	
	2010	18	1	27	156	0.1730769	
	2010	18	2	34	292	0.1164384	
	2010	19	1	6	30	0.2	
	2010	19	2	13	82	0.1585366	
	2010	20	1	0	5	0	
	2010	20	2	4	11	0.3636364	
	2011	1	1	2	44	0.04545455	
	2011	1	2	0	15	0	
	2011	2	1	0	4	0	
	2011	2	2	0	3	0	
	2011	3	1	0	2	0	
	2011	3	2	0	6	0	
	2011	4	1	0	15	0	
	2011	4	2	0	15	0	
	2011	5	1	1	36	0.02777778	
	2011	5	2	0	32	0	
	2011	6	1	2	42	0.04761905	
	2011	6	2	0	55	0	
	2011	7	1	0	69	0	
	2011	7	2	0	75	0	
	2011	8	1	0	90	0	
	2011	8	2	1	77	0.01298701	
	2011	9	1	3	174	0.01724138	
	2011	9	2	2	131	0.01526718	
	2011	10	1	3	304	0.009868421	
	2011	10	2	2	244	0.008196721	
	2011	11	1	8	376	0.0212766	
	2011	11	2	7	382	0.01832461	
	2011	12	1	5	439	0.01138952	
	2011	12	2	2	490	0.004081633	
	2011	13	1	24	693	0.03463203	
	2011	13	2	12	616	0.01948052	
	2011	14	1	24	688	0.03488372	
	2011	14	2	21	750	0.028	
	2011	15	1	41	639	0.06416275	
	2011	15	2	33	649	0.05084746	
	2011	16	1	41	591	0.06937394	
	2011	16	2	43	695	0.0618705	
	2011	17	1	55	377	0.1458886	
	2011	17	2	63	566	0.1113074	
	2011	18	1	28	201	0.1393035	
	2011	18	2	47	285	0.1649123	
	2011	19	1	11	39	0.2820513	
	2011	19	2	17	82	0.2073171	
	2011	20	1	1	2	0.5	
	2011	20	2	1	9	0.1111111	
	2012	1	1	0	25	0	
	2012	1	2	1	11	0.09090909	
	2012	2	1	0	3	0	
	2012	2	2	0	1	0	
	2012	3	1	0	3	0	
	2012	3	2	0	4	0	
	2012	4	1	0	24	0	
	2012	4	2	0	12	0	
	2012	5	1	1	33	0.03030303	
	2012	5	2	0	32	0	
	2012	6	1	1	54	0.01851852	
	2012	6	2	0	42	0	
	2012	7	1	2	66	0.03030303	
	2012	7	2	0	56	0	
	2012	8	1	0	80	0	
	2012	8	2	1	77	0.01298701	
	2012	9	1	1	186	0.005376344	
	2012	9	2	2	149	0.01342282	
	2012	10	1	2	283	0.007067138	
	2012	10	2	4	247	0.01619433	
	2012	11	1	2	399	0.005012531	
	2012	11	2	1	362	0.002762431	
	2012	12	1	9	495	0.01818182	
	2012	12	2	7	459	0.01525054	
	2012	13	1	15	591	0.02538071	
	2012	13	2	11	600	0.01833333	
	2012	14	1	26	671	0.03874814	
	2012	14	2	15	714	0.0210084	
	2012	15	1	40	627	0.06379585	
	2012	15	2	37	714	0.05182073	
	2012	16	1	49	584	0.08390411	
	2012	16	2	46	683	0.06734993	
	2012	17	1	53	426	0.1244131	
	2012	17	2	45	540	0.08333333	
	2012	18	1	26	167	0.1556886	
	2012	18	2	52	320	0.1625	
	2012	19	1	14	51	0.2745098	
	2012	19	2	17	86	0.1976744	
	2012	20	1	3	7	0.4285714	
	2012	20	2	4	8	0.5	
	2013	1	1	0	26	0	
	2013	1	2	0	11	0	
	2013	2	1	0	2	0	
	2013	2	2	0	3	0	
	2013	3	1	0	1	0	
	2013	3	2	0	3	0	
	2013	4	1	0	20	0	
	2013	4	2	0	8	0	
	2013	5	1	0	30	0	
	2013	5	2	0	36	0	
	2013	6	1	0	57	0	
	2013	6	2	0	50	0	
	2013	7	1	1	62	0.01612903	
	2013	7	2	0	77	0	
	2013	8	1	0	83	0	
	2013	8	2	0	92	0	
	2013	9	1	3	155	0.01935484	
	2013	9	2	4	150	0.02666667	
	2013	10	1	2	292	0.006849315	
	2013	10	2	1	260	0.003846154	
	2013	11	1	10	375	0.02666667	
	2013	11	2	3	354	0.008474576	
	2013	12	1	13	525	0.0247619	
	2013	12	2	9	500	0.018	
	2013	13	1	18	549	0.03278689	
	2013	13	2	9	574	0.01567944	
	2013	14	1	20	712	0.02808989	
	2013	14	2	21	673	0.03120357	
	2013	15	1	34	642	0.0529595	
	2013	15	2	29	691	0.04196816	
	2013	16	1	50	581	0.08605852	
	2013	16	2	39	645	0.06046512	
	2013	17	1	61	427	0.1428571	
	2013	17	2	55	552	0.09963768	
	2013	18	1	33	189	0.1746032	
	2013	18	2	42	316	0.1329114	
	2013	19	1	12	53	0.2264151	
	2013	19	2	12	91	0.1318681	
	2013	20	1	2	4	0.5	
	2013	20	2	2	8	0.25	

