
	A.3.5.M Therapeutische Katheter der Koronargefässe ohne HD Herzinfarkt ohne OP am Herzen (Alter >19), Mortalität // Cathétérisme thérapeutique des vaisseaux coronaires sans DP infarctus du myocarde sans OP du cœur (âge >19), mortalité // Catetere terapeutico dei vasi coronarici senza DP infarto miocardico senza OP al cuore (età >19), mortalità
	BAG/OFSP/UFSP - CH-IQI Version V4.0 - Daten 2013 - 27. Juli 2015

	Jahr	AltEGrp	Sex	DeathCH	CasesCH	pCH	
	1998	7	1	0	3	0	
	1998	7	2	0	1	0	
	1998	8	1	0	8	0	
	1998	8	2	0	6	0	
	1998	9	1	0	42	0	
	1998	9	2	0	3	0	
	1998	10	1	0	70	0	
	1998	10	2	0	12	0	
	1998	11	1	0	137	0	
	1998	11	2	0	15	0	
	1998	12	1	0	183	0	
	1998	12	2	0	40	0	
	1998	13	1	0	194	0	
	1998	13	2	0	37	0	
	1998	14	1	0	164	0	
	1998	14	2	1	64	0.015625	
	1998	15	1	0	134	0	
	1998	15	2	0	75	0	
	1998	16	1	0	96	0	
	1998	16	2	0	61	0	
	1998	17	1	0	34	0	
	1998	17	2	0	27	0	
	1998	18	1	0	6	0	
	1998	18	2	0	5	0	
	1998	19	1	0	1	0	
	1998	19	2	0	1	0	
	1999	5	1	0	4	0	
	1999	5	2	0	11	0	
	1999	6	1	0	7	0	
	1999	6	2	0	29	0	
	1999	7	1	0	7	0	
	1999	7	2	0	26	0	
	1999	8	1	0	30	0	
	1999	8	2	0	24	0	
	1999	9	1	0	85	0	
	1999	9	2	0	22	0	
	1999	10	1	0	176	0	
	1999	10	2	0	26	0	
	1999	11	1	0	288	0	
	1999	11	2	0	44	0	
	1999	12	1	1	344	0.002906977	
	1999	12	2	0	66	0	
	1999	13	1	1	353	0.002832861	
	1999	13	2	2	93	0.02150538	
	1999	14	1	2	380	0.005263158	
	1999	14	2	0	131	0	
	1999	15	1	1	271	0.003690037	
	1999	15	2	0	148	0	
	1999	16	1	4	181	0.02209945	
	1999	16	2	2	106	0.01886792	
	1999	17	1	0	62	0	
	1999	17	2	1	44	0.02272727	
	1999	18	1	0	18	0	
	1999	18	2	0	18	0	
	1999	19	1	0	4	0	
	1999	19	2	1	4	0.25	
	1999	20	2	0	1	0	
	2000	7	1	0	8	0	
	2000	8	1	0	36	0	
	2000	8	2	0	5	0	
	2000	9	1	0	97	0	
	2000	9	2	0	11	0	
	2000	10	1	0	191	0	
	2000	10	2	1	29	0.03448276	
	2000	11	1	0	303	0	
	2000	11	2	0	59	0	
	2000	12	1	1	380	0.002631579	
	2000	12	2	0	69	0	
	2000	13	1	2	426	0.004694836	
	2000	13	2	0	102	0	
	2000	14	1	2	427	0.004683841	
	2000	14	2	1	136	0.007352941	
	2000	15	1	3	362	0.008287293	
	2000	15	2	1	178	0.005617978	
	2000	16	1	5	256	0.01953125	
	2000	16	2	1	139	0.007194245	
	2000	17	1	3	84	0.03571429	
	2000	17	2	0	50	0	
	2000	18	1	1	22	0.04545455	
	2000	18	2	0	16	0	
	2000	19	1	1	2	0.5	
	2000	19	2	0	2	0	
	2000	20	1	0	1	0	
	2001	6	1	0	3	0	
	2001	7	1	0	9	0	
	2001	7	2	0	2	0	
	2001	8	1	0	48	0	
	2001	8	2	0	1	0	
	2001	9	1	0	106	0	
	2001	9	2	0	27	0	
	2001	10	1	0	255	0	
	2001	10	2	0	46	0	
	2001	11	1	1	402	0.002487562	
	2001	11	2	1	69	0.01449275	
	2001	12	1	1	606	0.001650165	
	2001	12	2	0	113	0	
	2001	13	1	1	583	0.001715266	
	2001	13	2	1	125	0.008	
	2001	14	1	7	591	0.01184433	
	2001	14	2	1	225	0.004444444	
	2001	15	1	12	510	0.02352941	
	2001	15	2	3	238	0.01260504	
	2001	16	1	3	360	0.008333333	
	2001	16	2	3	186	0.01612903	
	2001	17	1	2	125	0.016	
	2001	17	2	1	95	0.01052632	
	2001	18	1	2	46	0.04347826	
	2001	18	2	0	23	0	
	2001	19	1	0	4	0	
	2001	19	2	0	3	0	
	2002	6	1	0	3	0	
	2002	6	2	0	1	0	
	2002	7	1	0	9	0	
	2002	7	2	0	2	0	
	2002	8	1	0	63	0	
	2002	8	2	0	5	0	
	2002	9	1	0	151	0	
	2002	9	2	0	25	0	
	2002	10	1	2	343	0.005830904	
	2002	10	2	0	42	0	
	2002	11	1	2	504	0.003968254	
	2002	11	2	0	78	0	
	2002	12	1	2	730	0.002739726	
	2002	12	2	1	138	0.007246377	
	2002	13	1	5	696	0.007183908	
	2002	13	2	0	181	0	
	2002	14	1	5	820	0.006097561	
	2002	14	2	3	250	0.012	
	2002	15	1	5	624	0.008012821	
	2002	15	2	5	285	0.01754386	
	2002	16	1	3	478	0.006276151	
	2002	16	2	2	268	0.007462687	
	2002	17	1	3	196	0.01530612	
	2002	17	2	3	142	0.02112676	
	2002	18	1	0	45	0	
	2002	18	2	1	41	0.02439024	
	2002	19	1	1	6	0.1666667	
	2002	19	2	0	1	0	
	2002	20	1	0	1	0	
	2002	20	2	0	1	0	
	2003	6	1	1	5	0.2	
	2003	7	1	0	14	0	
	2003	7	2	0	3	0	
	2003	8	1	0	56	0	
	2003	8	2	0	5	0	
	2003	9	1	2	164	0.01219512	
	2003	9	2	0	22	0	
	2003	10	1	1	313	0.003194888	
	2003	10	2	0	46	0	
	2003	11	1	0	521	0	
	2003	11	2	0	82	0	
	2003	12	1	5	731	0.006839945	
	2003	12	2	1	151	0.006622517	
	2003	13	1	3	795	0.003773585	
	2003	13	2	0	197	0	
	2003	14	1	7	795	0.008805031	
	2003	14	2	3	220	0.01363636	
	2003	15	1	7	730	0.009589041	
	2003	15	2	2	298	0.006711409	
	2003	16	1	17	566	0.03003534	
	2003	16	2	3	304	0.009868421	
	2003	17	1	8	234	0.03418803	
	2003	17	2	4	145	0.02758621	
	2003	18	1	3	46	0.06521739	
	2003	18	2	0	32	0	
	2003	19	1	0	4	0	
	2003	19	2	0	3	0	
	2004	5	1	0	2	0	
	2004	5	2	0	2	0	
	2004	6	1	0	5	0	
	2004	7	1	0	13	0	
	2004	7	2	0	4	0	
	2004	8	1	0	55	0	
	2004	8	2	0	6	0	
	2004	9	1	1	154	0.006493506	
	2004	9	2	1	21	0.04761905	
	2004	10	1	1	343	0.002915452	
	2004	10	2	0	55	0	
	2004	11	1	3	554	0.005415162	
	2004	11	2	0	83	0	
	2004	12	1	3	853	0.003516999	
	2004	12	2	0	139	0	
	2004	13	1	7	911	0.007683864	
	2004	13	2	0	251	0	
	2004	14	1	4	850	0.004705882	
	2004	14	2	2	267	0.007490637	
	2004	15	1	14	863	0.01622248	
	2004	15	2	7	405	0.01728395	
	2004	16	1	8	612	0.0130719	
	2004	16	2	6	347	0.01729107	
	2004	17	1	8	290	0.02758621	
	2004	17	2	4	205	0.0195122	
	2004	18	1	2	57	0.03508772	
	2004	18	2	4	52	0.07692308	
	2004	19	1	1	6	0.1666667	
	2004	19	2	0	7	0	
	2004	20	1	0	5	0	
	2005	6	1	0	5	0	
	2005	6	2	0	1	0	
	2005	7	1	0	18	0	
	2005	7	2	0	5	0	
	2005	8	1	0	59	0	
	2005	8	2	0	4	0	
	2005	9	1	0	178	0	
	2005	9	2	0	30	0	
	2005	10	1	4	327	0.01223242	
	2005	10	2	1	56	0.01785714	
	2005	11	1	2	623	0.003210273	
	2005	11	2	1	92	0.01086957	
	2005	12	1	5	918	0.005446623	
	2005	12	2	1	172	0.005813953	
	2005	13	1	5	1060	0.004716981	
	2005	13	2	0	290	0	
	2005	14	1	6	1028	0.005836576	
	2005	14	2	1	315	0.003174603	
	2005	15	1	18	1003	0.01794616	
	2005	15	2	2	396	0.005050505	
	2005	16	1	11	695	0.01582734	
	2005	16	2	12	375	0.032	
	2005	17	1	11	382	0.02879581	
	2005	17	2	10	242	0.04132231	
	2005	18	1	2	77	0.02597403	
	2005	18	2	4	60	0.06666667	
	2005	19	1	2	16	0.125	
	2005	19	2	0	3	0	
	2005	20	1	0	2	0	
	2006	6	1	0	1	0	
	2006	7	1	0	12	0	
	2006	7	2	0	1	0	
	2006	8	1	1	47	0.0212766	
	2006	8	2	0	11	0	
	2006	9	1	1	155	0.006451613	
	2006	9	2	1	21	0.04761905	
	2006	10	1	2	334	0.005988024	
	2006	10	2	0	46	0	
	2006	11	1	6	582	0.01030928	
	2006	11	2	1	108	0.009259259	
	2006	12	1	6	842	0.007125891	
	2006	12	2	1	154	0.006493506	
	2006	13	1	6	1020	0.005882353	
	2006	13	2	2	249	0.008032129	
	2006	14	1	4	979	0.004085802	
	2006	14	2	1	313	0.003194888	
	2006	15	1	9	927	0.009708738	
	2006	15	2	1	433	0.002309469	
	2006	16	1	8	732	0.01092896	
	2006	16	2	3	399	0.007518797	
	2006	17	1	6	318	0.01886792	
	2006	17	2	3	211	0.01421801	
	2006	18	1	4	85	0.04705882	
	2006	18	2	3	62	0.0483871	
	2006	19	1	2	13	0.1538462	
	2006	19	2	0	9	0	
	2006	20	2	1	2	0.5	
	2007	5	1	0	3	0	
	2007	6	1	0	2	0	
	2007	7	1	0	9	0	
	2007	8	1	0	47	0	
	2007	8	2	0	5	0	
	2007	9	1	2	143	0.01398601	
	2007	9	2	1	28	0.03571429	
	2007	10	1	0	286	0	
	2007	10	2	1	47	0.0212766	
	2007	11	1	3	545	0.005504587	
	2007	11	2	0	102	0	
	2007	12	1	7	832	0.008413462	
	2007	12	2	0	128	0	
	2007	13	1	8	1052	0.007604563	
	2007	13	2	2	249	0.008032129	
	2007	14	1	2	983	0.002034588	
	2007	14	2	0	307	0	
	2007	15	1	8	954	0.008385744	
	2007	15	2	7	389	0.01799486	
	2007	16	1	10	699	0.01430615	
	2007	16	2	7	378	0.01851852	
	2007	17	1	7	346	0.02023121	
	2007	17	2	6	217	0.02764977	
	2007	18	1	6	121	0.04958678	
	2007	18	2	1	80	0.0125	
	2007	19	1	0	12	0	
	2007	19	2	0	5	0	
	2007	20	1	0	1	0	
	2007	20	2	0	3	0	
	2008	6	1	0	3	0	
	2008	7	1	0	17	0	
	2008	7	2	0	2	0	
	2008	8	1	0	38	0	
	2008	8	2	0	10	0	
	2008	9	1	2	155	0.01290323	
	2008	9	2	0	18	0	
	2008	10	1	0	377	0	
	2008	10	2	0	57	0	
	2008	11	1	3	599	0.005008347	
	2008	11	2	0	98	0	
	2008	12	1	1	881	0.001135074	
	2008	12	2	0	151	0	
	2008	13	1	8	1162	0.006884682	
	2008	13	2	2	273	0.007326007	
	2008	14	1	16	1168	0.01369863	
	2008	14	2	2	341	0.005865103	
	2008	15	1	7	1064	0.006578947	
	2008	15	2	5	433	0.01154734	
	2008	16	1	16	868	0.01843318	
	2008	16	2	3	450	0.006666667	
	2008	17	1	10	415	0.02409639	
	2008	17	2	2	278	0.007194245	
	2008	18	1	5	121	0.04132231	
	2008	18	2	9	85	0.1058824	
	2008	19	1	0	19	0	
	2008	19	2	1	7	0.1428571	
	2008	20	1	0	2	0	
	2009	5	2	0	1	0	
	2009	7	1	1	10	0.1	
	2009	8	1	0	35	0	
	2009	8	2	0	7	0	
	2009	9	1	0	107	0	
	2009	9	2	2	29	0.06896552	
	2009	10	1	3	291	0.01030928	
	2009	10	2	0	34	0	
	2009	11	1	4	575	0.006956522	
	2009	11	2	1	92	0.01086957	
	2009	12	1	4	810	0.004938272	
	2009	12	2	0	144	0	
	2009	13	1	9	1058	0.008506616	
	2009	13	2	2	263	0.007604563	
	2009	14	1	12	1131	0.01061008	
	2009	14	2	2	339	0.005899705	
	2009	15	1	8	1010	0.007920792	
	2009	15	2	2	391	0.00511509	
	2009	16	1	6	801	0.007490637	
	2009	16	2	5	401	0.01246883	
	2009	17	1	12	432	0.02777778	
	2009	17	2	6	273	0.02197802	
	2009	18	1	3	141	0.0212766	
	2009	18	2	1	87	0.01149425	
	2009	19	1	1	14	0.07142857	
	2009	19	2	2	10	0.2	
	2009	20	1	0	1	0	
	2009	20	2	0	2	0	
	2010	5	1	0	1	0	
	2010	6	1	0	2	0	
	2010	7	1	0	5	0	
	2010	7	2	0	1	0	
	2010	8	1	1	36	0.02777778	
	2010	8	2	0	9	0	
	2010	9	1	2	143	0.01398601	
	2010	9	2	0	20	0	
	2010	10	1	5	316	0.01582278	
	2010	10	2	0	48	0	
	2010	11	1	3	540	0.005555556	
	2010	11	2	1	106	0.009433962	
	2010	12	1	6	783	0.007662835	
	2010	12	2	0	156	0	
	2010	13	1	9	1175	0.007659574	
	2010	13	2	3	288	0.01041667	
	2010	14	1	10	1184	0.008445946	
	2010	14	2	6	367	0.01634877	
	2010	15	1	14	1170	0.01196581	
	2010	15	2	2	445	0.004494382	
	2010	16	1	15	952	0.0157563	
	2010	16	2	4	462	0.008658009	
	2010	17	1	11	509	0.021611	
	2010	17	2	4	320	0.0125	
	2010	18	1	2	175	0.01142857	
	2010	18	2	5	109	0.04587156	
	2010	19	1	1	21	0.04761905	
	2010	19	2	1	16	0.0625	
	2011	6	1	0	2	0	
	2011	6	2	0	1	0	
	2011	7	1	0	6	0	
	2011	7	2	0	2	0	
	2011	8	1	2	32	0.0625	
	2011	8	2	0	2	0	
	2011	9	1	1	107	0.009345794	
	2011	9	2	0	13	0	
	2011	10	1	3	282	0.0106383	
	2011	10	2	1	56	0.01785714	
	2011	11	1	2	522	0.003831418	
	2011	11	2	1	106	0.009433962	
	2011	12	1	7	767	0.009126467	
	2011	12	2	0	131	0	
	2011	13	1	4	1073	0.003727866	
	2011	13	2	3	270	0.01111111	
	2011	14	1	9	1290	0.006976744	
	2011	14	2	2	384	0.005208333	
	2011	15	1	14	1099	0.01273885	
	2011	15	2	4	410	0.009756098	
	2011	16	1	24	949	0.02528978	
	2011	16	2	5	466	0.01072961	
	2011	17	1	9	525	0.01714286	
	2011	17	2	5	314	0.01592357	
	2011	18	1	8	169	0.04733728	
	2011	18	2	0	106	0	
	2011	19	1	2	18	0.1111111	
	2011	19	2	0	16	0	
	2011	20	2	1	1	1	
	2012	5	1	0	1	0	
	2012	6	1	0	2	0	
	2012	7	1	0	9	0	
	2012	8	1	0	28	0	
	2012	8	2	0	1	0	
	2012	9	1	0	93	0	
	2012	9	2	1	14	0.07142857	
	2012	10	1	0	243	0	
	2012	10	2	0	31	0	
	2012	11	1	6	435	0.0137931	
	2012	11	2	0	74	0	
	2012	12	1	10	668	0.01497006	
	2012	12	2	1	145	0.006896552	
	2012	13	1	9	914	0.009846827	
	2012	13	2	0	194	0	
	2012	14	1	9	1104	0.008152174	
	2012	14	2	2	317	0.006309148	
	2012	15	1	18	993	0.01812689	
	2012	15	2	3	380	0.007894737	
	2012	16	1	20	892	0.02242152	
	2012	16	2	3	391	0.007672634	
	2012	17	1	11	489	0.02249489	
	2012	17	2	5	321	0.01557632	
	2012	18	1	4	154	0.02597403	
	2012	18	2	1	88	0.01136364	
	2012	19	1	3	34	0.08823529	
	2012	19	2	0	15	0	
	2012	20	1	0	1	0	
	2012	20	2	0	1	0	
	2013	7	1	1	11	0.09090909	
	2013	7	2	1	2	0.5	
	2013	8	1	0	20	0	
	2013	8	2	0	9	0	
	2013	9	1	1	76	0.01315789	
	2013	9	2	0	12	0	
	2013	10	1	1	215	0.004651163	
	2013	10	2	1	34	0.02941176	
	2013	11	1	3	432	0.006944444	
	2013	11	2	0	84	0	
	2013	12	1	4	635	0.006299213	
	2013	12	2	1	116	0.00862069	
	2013	13	1	5	903	0.005537099	
	2013	13	2	2	193	0.01036269	
	2013	14	1	6	1136	0.00528169	
	2013	14	2	6	317	0.01892744	
	2013	15	1	14	1022	0.01369863	
	2013	15	2	3	394	0.007614213	
	2013	16	1	15	901	0.01664817	
	2013	16	2	8	435	0.0183908	
	2013	17	1	7	534	0.01310861	
	2013	17	2	3	301	0.009966777	
	2013	18	1	5	170	0.02941176	
	2013	18	2	5	120	0.04166667	
	2013	19	1	0	36	0	
	2013	19	2	0	18	0	
	2013	20	2	0	1	0	

