
	D.4.3.M Teilresektion der Lunge bei Bronchialkarzinom, Mortalität // Résections pulmonaires partielles en cas de carcinome bronchique, mortalité // Resezione parziale del polmone in caso di carcinoma bronchiale, mortalità
	BAG/OFSP/UFSP - CH-IQI Version V4.0 - Daten 2013 - 27. Juli 2015

	Jahr	AltEGrp	Sex	DeathCH	CasesCH	pCH	
	1998	3	2	0	1	0	
	1998	4	1	0	1	0	
	1998	7	2	0	1	0	
	1998	8	1	0	3	0	
	1998	8	2	0	4	0	
	1998	9	1	0	4	0	
	1998	9	2	0	6	0	
	1998	10	1	0	11	0	
	1998	10	2	0	5	0	
	1998	11	1	1	18	0.05555556	
	1998	11	2	0	8	0	
	1998	12	1	1	35	0.02857143	
	1998	12	2	0	11	0	
	1998	13	1	0	42	0	
	1998	13	2	0	10	0	
	1998	14	1	3	65	0.04615385	
	1998	14	2	0	22	0	
	1998	15	1	0	47	0	
	1998	15	2	0	15	0	
	1998	16	1	0	36	0	
	1998	16	2	0	9	0	
	1998	17	1	0	13	0	
	1998	17	2	0	1	0	
	1998	18	1	0	1	0	
	1999	6	1	0	1	0	
	1999	8	2	0	6	0	
	1999	9	1	0	4	0	
	1999	9	2	0	3	0	
	1999	10	1	0	18	0	
	1999	10	2	0	7	0	
	1999	11	1	0	21	0	
	1999	11	2	0	17	0	
	1999	12	1	0	41	0	
	1999	12	2	0	18	0	
	1999	13	1	2	59	0.03389831	
	1999	13	2	0	13	0	
	1999	14	1	2	79	0.02531646	
	1999	14	2	0	20	0	
	1999	15	1	4	58	0.06896552	
	1999	15	2	1	29	0.03448276	
	1999	16	1	2	38	0.05263158	
	1999	16	2	0	15	0	
	1999	17	1	0	11	0	
	1999	17	2	1	1	1	
	1999	18	2	0	1	0	
	2000	6	2	0	1	0	
	2000	7	1	0	1	0	
	2000	7	2	1	4	0.25	
	2000	8	1	0	1	0	
	2000	8	2	0	1	0	
	2000	9	1	0	4	0	
	2000	9	2	0	7	0	
	2000	10	1	0	14	0	
	2000	10	2	0	13	0	
	2000	11	1	0	32	0	
	2000	11	2	0	21	0	
	2000	12	1	0	45	0	
	2000	12	2	1	23	0.04347826	
	2000	13	1	2	64	0.03125	
	2000	13	2	0	20	0	
	2000	14	1	2	69	0.02898551	
	2000	14	2	0	24	0	
	2000	15	1	1	68	0.01470588	
	2000	15	2	2	23	0.08695652	
	2000	16	1	2	45	0.04444444	
	2000	16	2	1	16	0.0625	
	2000	17	1	0	13	0	
	2000	17	2	0	3	0	
	2000	18	1	0	1	0	
	2000	18	2	0	1	0	
	2001	4	2	0	1	0	
	2001	7	1	0	1	0	
	2001	7	2	0	1	0	
	2001	8	1	0	3	0	
	2001	8	2	0	3	0	
	2001	9	1	0	3	0	
	2001	9	2	0	2	0	
	2001	10	1	0	26	0	
	2001	10	2	0	11	0	
	2001	11	1	0	31	0	
	2001	11	2	2	25	0.08	
	2001	12	1	0	54	0	
	2001	12	2	1	37	0.02702703	
	2001	13	1	7	69	0.1014493	
	2001	13	2	0	22	0	
	2001	14	1	1	65	0.01538462	
	2001	14	2	0	27	0	
	2001	15	1	5	71	0.07042254	
	2001	15	2	0	33	0	
	2001	16	1	2	57	0.03508772	
	2001	16	2	0	26	0	
	2001	17	1	0	9	0	
	2001	17	2	1	5	0.2	
	2001	18	1	0	2	0	
	2001	18	2	0	1	0	
	2002	5	1	0	1	0	
	2002	6	1	0	1	0	
	2002	7	1	0	1	0	
	2002	7	2	0	2	0	
	2002	8	1	0	4	0	
	2002	9	1	0	5	0	
	2002	9	2	0	8	0	
	2002	10	1	0	20	0	
	2002	10	2	0	11	0	
	2002	11	1	0	32	0	
	2002	11	2	1	25	0.04	
	2002	12	1	0	44	0	
	2002	12	2	0	33	0	
	2002	13	1	0	81	0	
	2002	13	2	0	32	0	
	2002	14	1	1	73	0.01369863	
	2002	14	2	0	36	0	
	2002	15	1	6	81	0.07407407	
	2002	15	2	1	37	0.02702703	
	2002	16	1	2	51	0.03921569	
	2002	16	2	2	20	0.1	
	2002	17	1	1	20	0.05	
	2002	17	2	0	2	0	
	2002	18	1	0	2	0	
	2002	18	2	0	1	0	
	2003	7	1	0	1	0	
	2003	7	2	0	2	0	
	2003	8	1	0	6	0	
	2003	8	2	0	3	0	
	2003	9	1	0	8	0	
	2003	9	2	0	5	0	
	2003	10	1	1	9	0.1111111	
	2003	10	2	2	17	0.1176471	
	2003	11	1	1	31	0.03225806	
	2003	11	2	1	25	0.04	
	2003	12	1	0	65	0	
	2003	12	2	1	37	0.02702703	
	2003	13	1	0	74	0	
	2003	13	2	0	32	0	
	2003	14	1	1	93	0.01075269	
	2003	14	2	1	35	0.02857143	
	2003	15	1	4	87	0.04597701	
	2003	15	2	1	37	0.02702703	
	2003	16	1	3	52	0.05769231	
	2003	16	2	2	23	0.08695652	
	2003	17	1	0	13	0	
	2003	17	2	2	8	0.25	
	2003	18	1	0	1	0	
	2003	18	2	0	1	0	
	2004	4	1	0	1	0	
	2004	5	1	0	1	0	
	2004	5	2	0	1	0	
	2004	6	1	0	1	0	
	2004	6	2	0	1	0	
	2004	7	1	0	1	0	
	2004	8	1	0	1	0	
	2004	8	2	0	5	0	
	2004	9	1	0	7	0	
	2004	9	2	0	5	0	
	2004	10	1	0	15	0	
	2004	10	2	0	17	0	
	2004	11	1	0	41	0	
	2004	11	2	0	26	0	
	2004	12	1	1	58	0.01724138	
	2004	12	2	0	21	0	
	2004	13	1	0	92	0	
	2004	13	2	0	42	0	
	2004	14	1	1	85	0.01176471	
	2004	14	2	0	35	0	
	2004	15	1	3	92	0.0326087	
	2004	15	2	0	28	0	
	2004	16	1	1	49	0.02040816	
	2004	16	2	1	21	0.04761905	
	2004	17	1	0	18	0	
	2004	17	2	0	11	0	
	2004	18	1	1	6	0.1666667	
	2005	6	1	0	1	0	
	2005	6	2	0	3	0	
	2005	7	1	0	2	0	
	2005	7	2	0	3	0	
	2005	8	1	0	1	0	
	2005	8	2	0	2	0	
	2005	9	1	0	5	0	
	2005	9	2	0	11	0	
	2005	10	1	0	19	0	
	2005	10	2	0	13	0	
	2005	11	1	0	27	0	
	2005	11	2	0	20	0	
	2005	12	1	1	49	0.02040816	
	2005	12	2	0	43	0	
	2005	13	1	2	79	0.02531646	
	2005	13	2	0	35	0	
	2005	14	1	5	99	0.05050505	
	2005	14	2	0	49	0	
	2005	15	1	4	96	0.04166667	
	2005	15	2	0	38	0	
	2005	16	1	4	61	0.06557377	
	2005	16	2	0	23	0	
	2005	17	1	1	20	0.05	
	2005	17	2	0	11	0	
	2005	18	1	0	4	0	
	2005	18	2	0	1	0	
	2005	19	1	0	1	0	
	2006	4	2	0	1	0	
	2006	6	1	0	3	0	
	2006	6	2	0	1	0	
	2006	7	1	0	1	0	
	2006	7	2	0	2	0	
	2006	8	1	0	2	0	
	2006	8	2	0	7	0	
	2006	9	1	0	7	0	
	2006	9	2	1	6	0.1666667	
	2006	10	1	0	13	0	
	2006	10	2	0	22	0	
	2006	11	1	0	36	0	
	2006	11	2	1	26	0.03846154	
	2006	12	1	0	56	0	
	2006	12	2	0	47	0	
	2006	13	1	1	91	0.01098901	
	2006	13	2	0	43	0	
	2006	14	1	1	90	0.01111111	
	2006	14	2	0	38	0	
	2006	15	1	3	85	0.03529412	
	2006	15	2	0	43	0	
	2006	16	1	3	53	0.05660377	
	2006	16	2	3	39	0.07692308	
	2006	17	1	3	20	0.15	
	2006	17	2	0	11	0	
	2006	18	1	1	1	1	
	2007	3	1	0	1	0	
	2007	4	2	0	2	0	
	2007	5	1	0	1	0	
	2007	5	2	0	3	0	
	2007	6	1	0	2	0	
	2007	6	2	0	1	0	
	2007	7	1	0	2	0	
	2007	8	1	0	2	0	
	2007	8	2	0	1	0	
	2007	9	1	0	5	0	
	2007	9	2	0	9	0	
	2007	10	1	0	19	0	
	2007	10	2	0	15	0	
	2007	11	1	0	34	0	
	2007	11	2	0	27	0	
	2007	12	1	2	69	0.02898551	
	2007	12	2	0	46	0	
	2007	13	1	2	111	0.01801802	
	2007	13	2	0	76	0	
	2007	14	1	0	85	0	
	2007	14	2	0	61	0	
	2007	15	1	4	95	0.04210526	
	2007	15	2	2	46	0.04347826	
	2007	16	1	5	61	0.08196721	
	2007	16	2	1	23	0.04347826	
	2007	17	1	2	26	0.07692308	
	2007	17	2	0	13	0	
	2007	18	1	0	5	0	
	2007	18	2	0	1	0	
	2008	4	2	0	1	0	
	2008	5	2	0	2	0	
	2008	6	2	0	2	0	
	2008	7	2	0	1	0	
	2008	8	2	0	1	0	
	2008	9	1	0	7	0	
	2008	9	2	0	10	0	
	2008	10	1	0	8	0	
	2008	10	2	0	18	0	
	2008	11	1	0	40	0	
	2008	11	2	0	40	0	
	2008	12	1	3	71	0.04225352	
	2008	12	2	1	41	0.02439024	
	2008	13	1	1	112	0.008928571	
	2008	13	2	1	76	0.01315789	
	2008	14	1	3	118	0.02542373	
	2008	14	2	0	60	0	
	2008	15	1	4	89	0.04494382	
	2008	15	2	1	47	0.0212766	
	2008	16	1	8	101	0.07920792	
	2008	16	2	2	42	0.04761905	
	2008	17	1	1	35	0.02857143	
	2008	17	2	1	22	0.04545455	
	2008	18	1	1	3	0.3333333	
	2008	18	2	0	2	0	
	2009	4	2	0	1	0	
	2009	5	2	0	1	0	
	2009	6	1	0	1	0	
	2009	6	2	0	1	0	
	2009	7	1	0	3	0	
	2009	8	1	0	3	0	
	2009	8	2	0	3	0	
	2009	9	1	0	2	0	
	2009	9	2	0	11	0	
	2009	10	1	0	18	0	
	2009	10	2	0	18	0	
	2009	11	1	0	37	0	
	2009	11	2	0	28	0	
	2009	12	1	1	73	0.01369863	
	2009	12	2	0	64	0	
	2009	13	1	4	118	0.03389831	
	2009	13	2	0	69	0	
	2009	14	1	4	124	0.03225806	
	2009	14	2	0	75	0	
	2009	15	1	3	83	0.03614458	
	2009	15	2	1	54	0.01851852	
	2009	16	1	4	70	0.05714286	
	2009	16	2	2	43	0.04651163	
	2009	17	1	2	30	0.06666667	
	2009	17	2	1	14	0.07142857	
	2009	18	1	2	5	0.4	
	2009	18	2	0	1	0	
	2009	19	1	1	1	1	
	2010	1	2	0	1	0	
	2010	5	1	0	1	0	
	2010	6	1	0	1	0	
	2010	7	1	0	1	0	
	2010	7	2	0	1	0	
	2010	8	1	0	2	0	
	2010	8	2	0	3	0	
	2010	9	1	0	3	0	
	2010	9	2	0	12	0	
	2010	10	1	1	17	0.05882353	
	2010	10	2	0	28	0	
	2010	11	1	1	40	0.025	
	2010	11	2	0	49	0	
	2010	12	1	1	64	0.015625	
	2010	12	2	1	47	0.0212766	
	2010	13	1	2	113	0.01769912	
	2010	13	2	1	91	0.01098901	
	2010	14	1	1	126	0.007936508	
	2010	14	2	0	78	0	
	2010	15	1	4	111	0.03603604	
	2010	15	2	2	70	0.02857143	
	2010	16	1	4	85	0.04705882	
	2010	16	2	1	42	0.02380952	
	2010	17	1	3	39	0.07692308	
	2010	17	2	1	19	0.05263158	
	2010	18	1	0	2	0	
	2011	5	1	0	2	0	
	2011	5	2	0	1	0	
	2011	6	2	0	1	0	
	2011	7	1	0	2	0	
	2011	8	1	0	1	0	
	2011	8	2	0	3	0	
	2011	9	1	0	11	0	
	2011	9	2	0	8	0	
	2011	10	1	0	11	0	
	2011	10	2	0	19	0	
	2011	11	1	1	48	0.02083333	
	2011	11	2	1	44	0.02272727	
	2011	12	1	2	86	0.02325581	
	2011	12	2	1	56	0.01785714	
	2011	13	1	3	116	0.02586207	
	2011	13	2	2	83	0.02409639	
	2011	14	1	1	153	0.006535948	
	2011	14	2	2	94	0.0212766	
	2011	15	1	6	130	0.04615385	
	2011	15	2	1	81	0.01234568	
	2011	16	1	2	94	0.0212766	
	2011	16	2	1	49	0.02040816	
	2011	17	1	1	26	0.03846154	
	2011	17	2	0	23	0	
	2011	18	1	0	5	0	
	2011	18	2	1	4	0.25	
	2011	19	2	0	1	0	
	2012	2	2	0	1	0	
	2012	4	1	0	1	0	
	2012	4	2	0	1	0	
	2012	6	1	0	1	0	
	2012	6	2	0	2	0	
	2012	7	1	0	1	0	
	2012	7	2	0	1	0	
	2012	8	1	0	6	0	
	2012	8	2	0	8	0	
	2012	9	1	0	8	0	
	2012	9	2	0	11	0	
	2012	10	1	0	24	0	
	2012	10	2	0	16	0	
	2012	11	1	1	42	0.02380952	
	2012	11	2	0	35	0	
	2012	12	1	0	65	0	
	2012	12	2	1	68	0.01470588	
	2012	13	1	1	120	0.008333333	
	2012	13	2	2	80	0.025	
	2012	14	1	5	179	0.02793296	
	2012	14	2	1	95	0.01052632	
	2012	15	1	2	139	0.01438849	
	2012	15	2	1	95	0.01052632	
	2012	16	1	2	90	0.02222222	
	2012	16	2	1	62	0.01612903	
	2012	17	1	3	39	0.07692308	
	2012	17	2	0	29	0	
	2012	18	1	0	8	0	
	2012	18	2	0	5	0	
	2013	3	1	0	1	0	
	2013	5	2	0	1	0	
	2013	6	1	0	2	0	
	2013	6	2	0	4	0	
	2013	7	1	0	1	0	
	2013	7	2	0	3	0	
	2013	8	1	0	6	0	
	2013	8	2	1	5	0.2	
	2013	9	1	0	8	0	
	2013	9	2	0	8	0	
	2013	10	1	0	23	0	
	2013	10	2	0	18	0	
	2013	11	1	0	39	0	
	2013	11	2	0	28	0	
	2013	12	1	4	86	0.04651163	
	2013	12	2	3	71	0.04225352	
	2013	13	1	3	110	0.02727273	
	2013	13	2	0	97	0	
	2013	14	1	4	175	0.02285714	
	2013	14	2	2	118	0.01694915	
	2013	15	1	5	148	0.03378378	
	2013	15	2	4	91	0.04395604	
	2013	16	1	4	110	0.03636364	
	2013	16	2	1	57	0.01754386	
	2013	17	1	1	40	0.025	
	2013	17	2	1	27	0.03703704	
	2013	18	1	0	4	0	
	2013	18	2	0	3	0	

