
	E.1.1.M Cholezystektomie bei Gallensteinen und Cholezystitis, ohne Tumor, Mortalität // Cholécystectomie en cas de calculs biliaires et cholécystite, sans tumeur, mortalité // Colecistectomia in caso di calcoli biliari e colecistite, senza tumore, mortalità
	BAG/OFSP/UFSP - CH-IQI Version V4.0 - Daten 2013 - 27. Juli 2015

	Jahr	AltEGrp	Sex	DeathCH	CasesCH	pCH	
	1998	1	1	0	1	0	
	1998	1	2	0	2	0	
	1998	2	2	0	3	0	
	1998	3	1	0	1	0	
	1998	3	2	0	4	0	
	1998	4	1	0	4	0	
	1998	4	2	0	24	0	
	1998	5	1	0	17	0	
	1998	5	2	0	102	0	
	1998	6	1	0	37	0	
	1998	6	2	0	206	0	
	1998	7	1	0	64	0	
	1998	7	2	0	252	0	
	1998	8	1	0	114	0	
	1998	8	2	0	304	0	
	1998	9	1	0	160	0	
	1998	9	2	0	294	0	
	1998	10	1	1	205	0.004878049	
	1998	10	2	0	321	0	
	1998	11	1	0	228	0	
	1998	11	2	0	427	0	
	1998	12	1	0	215	0	
	1998	12	2	0	403	0	
	1998	13	1	0	223	0	
	1998	13	2	1	420	0.002380952	
	1998	14	1	0	241	0	
	1998	14	2	0	386	0	
	1998	15	1	0	177	0	
	1998	15	2	1	289	0.003460208	
	1998	16	1	0	162	0	
	1998	16	2	2	225	0.008888889	
	1998	17	1	2	92	0.02173913	
	1998	17	2	0	126	0	
	1998	18	1	2	44	0.04545455	
	1998	18	2	1	78	0.01282051	
	1998	19	1	1	9	0.1111111	
	1998	19	2	2	15	0.1333333	
	1998	20	1	0	1	0	
	1998	20	2	0	2	0	
	1999	2	1	0	1	0	
	1999	2	2	0	1	0	
	1999	3	1	0	4	0	
	1999	3	2	0	4	0	
	1999	4	1	0	11	0	
	1999	4	2	0	34	0	
	1999	5	1	0	19	0	
	1999	5	2	0	112	0	
	1999	6	1	0	40	0	
	1999	6	2	0	255	0	
	1999	7	1	0	89	0	
	1999	7	2	0	389	0	
	1999	8	1	0	156	0	
	1999	8	2	0	428	0	
	1999	9	1	0	203	0	
	1999	9	2	0	413	0	
	1999	10	1	0	227	0	
	1999	10	2	0	445	0	
	1999	11	1	0	281	0	
	1999	11	2	0	605	0	
	1999	12	1	0	293	0	
	1999	12	2	0	623	0	
	1999	13	1	1	297	0.003367003	
	1999	13	2	0	571	0	
	1999	14	1	1	290	0.003448276	
	1999	14	2	2	519	0.003853565	
	1999	15	1	1	279	0.003584229	
	1999	15	2	1	429	0.002331002	
	1999	16	1	2	235	0.008510638	
	1999	16	2	0	331	0	
	1999	17	1	5	112	0.04464286	
	1999	17	2	2	184	0.01086957	
	1999	18	1	3	53	0.05660377	
	1999	18	2	2	88	0.02272727	
	1999	19	1	0	14	0	
	1999	19	2	1	22	0.04545455	
	1999	20	2	0	1	0	
	2000	1	1	0	2	0	
	2000	2	1	0	1	0	
	2000	2	2	0	2	0	
	2000	3	1	0	1	0	
	2000	3	2	0	4	0	
	2000	4	1	0	11	0	
	2000	4	2	0	45	0	
	2000	5	1	0	12	0	
	2000	5	2	0	147	0	
	2000	6	1	0	47	0	
	2000	6	2	0	271	0	
	2000	7	1	1	112	0.008928571	
	2000	7	2	1	374	0.002673797	
	2000	8	1	0	161	0	
	2000	8	2	0	399	0	
	2000	9	1	0	217	0	
	2000	9	2	1	473	0.002114165	
	2000	10	1	0	225	0	
	2000	10	2	0	483	0	
	2000	11	1	0	314	0	
	2000	11	2	0	636	0	
	2000	12	1	0	302	0	
	2000	12	2	0	659	0	
	2000	13	1	0	300	0	
	2000	13	2	0	605	0	
	2000	14	1	1	335	0.002985075	
	2000	14	2	0	530	0	
	2000	15	1	1	306	0.003267974	
	2000	15	2	3	420	0.007142857	
	2000	16	1	2	256	0.0078125	
	2000	16	2	3	341	0.008797654	
	2000	17	1	0	139	0	
	2000	17	2	4	178	0.02247191	
	2000	18	1	1	60	0.01666667	
	2000	18	2	6	98	0.06122449	
	2000	19	1	0	11	0	
	2000	19	2	1	25	0.04	
	2000	20	1	1	4	0.25	
	2000	20	2	0	3	0	
	2001	2	1	0	1	0	
	2001	3	1	0	2	0	
	2001	3	2	0	5	0	
	2001	4	1	0	7	0	
	2001	4	2	0	56	0	
	2001	5	1	0	14	0	
	2001	5	2	0	149	0	
	2001	6	1	0	58	0	
	2001	6	2	0	300	0	
	2001	7	1	0	132	0	
	2001	7	2	0	428	0	
	2001	8	1	0	182	0	
	2001	8	2	0	508	0	
	2001	9	1	0	226	0	
	2001	9	2	0	472	0	
	2001	10	1	0	296	0	
	2001	10	2	0	534	0	
	2001	11	1	0	357	0	
	2001	11	2	0	685	0	
	2001	12	1	1	389	0.002570694	
	2001	12	2	0	669	0	
	2001	13	1	3	321	0.009345794	
	2001	13	2	2	641	0.003120125	
	2001	14	1	1	373	0.002680965	
	2001	14	2	0	583	0	
	2001	15	1	2	338	0.00591716	
	2001	15	2	1	525	0.001904762	
	2001	16	1	0	261	0	
	2001	16	2	2	367	0.005449591	
	2001	17	1	2	126	0.01587302	
	2001	17	2	4	213	0.01877934	
	2001	18	1	1	81	0.01234568	
	2001	18	2	2	104	0.01923077	
	2001	19	1	1	10	0.1	
	2001	19	2	0	31	0	
	2001	20	1	0	3	0	
	2001	20	2	0	5	0	
	2002	2	1	0	1	0	
	2002	2	2	0	3	0	
	2002	3	1	0	2	0	
	2002	3	2	0	11	0	
	2002	4	1	0	11	0	
	2002	4	2	0	55	0	
	2002	5	1	0	24	0	
	2002	5	2	0	164	0	
	2002	6	1	0	58	0	
	2002	6	2	0	296	0	
	2002	7	1	0	120	0	
	2002	7	2	0	451	0	
	2002	8	1	0	241	0	
	2002	8	2	0	538	0	
	2002	9	1	0	328	0	
	2002	9	2	0	587	0	
	2002	10	1	0	319	0	
	2002	10	2	0	597	0	
	2002	11	1	0	363	0	
	2002	11	2	1	765	0.00130719	
	2002	12	1	0	428	0	
	2002	12	2	0	775	0	
	2002	13	1	0	391	0	
	2002	13	2	0	714	0	
	2002	14	1	0	371	0	
	2002	14	2	0	639	0	
	2002	15	1	2	344	0.005813953	
	2002	15	2	0	550	0	
	2002	16	1	4	295	0.01355932	
	2002	16	2	1	376	0.002659574	
	2002	17	1	1	180	0.005555556	
	2002	17	2	3	234	0.01282051	
	2002	18	1	0	59	0	
	2002	18	2	1	121	0.008264463	
	2002	19	1	1	23	0.04347826	
	2002	19	2	2	33	0.06060606	
	2002	20	1	0	1	0	
	2002	20	2	0	5	0	
	2003	1	1	0	1	0	
	2003	3	1	0	2	0	
	2003	3	2	0	9	0	
	2003	4	1	0	11	0	
	2003	4	2	0	72	0	
	2003	5	1	0	32	0	
	2003	5	2	0	162	0	
	2003	6	1	0	58	0	
	2003	6	2	0	301	0	
	2003	7	1	0	116	0	
	2003	7	2	0	454	0	
	2003	8	1	0	240	0	
	2003	8	2	0	544	0	
	2003	9	1	0	279	0	
	2003	9	2	0	593	0	
	2003	10	1	0	316	0	
	2003	10	2	0	590	0	
	2003	11	1	0	357	0	
	2003	11	2	1	675	0.001481481	
	2003	12	1	1	378	0.002645503	
	2003	12	2	0	733	0	
	2003	13	1	2	430	0.004651163	
	2003	13	2	1	682	0.001466276	
	2003	14	1	1	391	0.002557545	
	2003	14	2	0	597	0	
	2003	15	1	4	410	0.009756098	
	2003	15	2	1	515	0.001941748	
	2003	16	1	1	314	0.003184713	
	2003	16	2	1	422	0.002369668	
	2003	17	1	3	187	0.01604278	
	2003	17	2	5	265	0.01886792	
	2003	18	1	0	61	0	
	2003	18	2	7	127	0.05511811	
	2003	19	1	1	20	0.05	
	2003	19	2	3	37	0.08108108	
	2003	20	1	0	2	0	
	2003	20	2	0	3	0	
	2004	2	1	0	1	0	
	2004	2	2	0	1	0	
	2004	3	1	0	4	0	
	2004	3	2	0	10	0	
	2004	4	1	0	9	0	
	2004	4	2	0	52	0	
	2004	5	1	0	24	0	
	2004	5	2	0	208	0	
	2004	6	1	0	72	0	
	2004	6	2	0	350	0	
	2004	7	1	0	134	0	
	2004	7	2	0	451	0	
	2004	8	1	0	226	0	
	2004	8	2	0	557	0	
	2004	9	1	0	287	0	
	2004	9	2	0	557	0	
	2004	10	1	0	354	0	
	2004	10	2	0	569	0	
	2004	11	1	0	318	0	
	2004	11	2	0	688	0	
	2004	12	1	1	404	0.002475248	
	2004	12	2	1	796	0.001256281	
	2004	13	1	0	417	0	
	2004	13	2	0	704	0	
	2004	14	1	0	393	0	
	2004	14	2	0	619	0	
	2004	15	1	2	386	0.005181347	
	2004	15	2	1	550	0.001818182	
	2004	16	1	3	317	0.009463722	
	2004	16	2	1	412	0.002427184	
	2004	17	1	5	222	0.02252252	
	2004	17	2	5	273	0.01831502	
	2004	18	1	1	72	0.01388889	
	2004	18	2	4	115	0.03478261	
	2004	19	1	5	11	0.4545455	
	2004	19	2	1	33	0.03030303	
	2004	20	1	1	5	0.2	
	2004	20	2	0	7	0	
	2005	1	1	0	1	0	
	2005	2	1	0	4	0	
	2005	2	2	0	1	0	
	2005	3	1	0	6	0	
	2005	3	2	0	8	0	
	2005	4	1	0	18	0	
	2005	4	2	0	76	0	
	2005	5	1	0	35	0	
	2005	5	2	0	192	0	
	2005	6	1	0	76	0	
	2005	6	2	0	330	0	
	2005	7	1	0	108	0	
	2005	7	2	0	474	0	
	2005	8	1	0	266	0	
	2005	8	2	0	573	0	
	2005	9	1	0	303	0	
	2005	9	2	0	615	0	
	2005	10	1	0	354	0	
	2005	10	2	0	612	0	
	2005	11	1	0	404	0	
	2005	11	2	0	682	0	
	2005	12	1	0	461	0	
	2005	12	2	0	840	0	
	2005	13	1	1	509	0.001964637	
	2005	13	2	1	728	0.001373626	
	2005	14	1	2	453	0.004415011	
	2005	14	2	1	660	0.001515152	
	2005	15	1	3	440	0.006818182	
	2005	15	2	2	545	0.003669725	
	2005	16	1	1	336	0.00297619	
	2005	16	2	2	412	0.004854369	
	2005	17	1	6	206	0.02912621	
	2005	17	2	5	284	0.01760563	
	2005	18	1	1	77	0.01298701	
	2005	18	2	3	123	0.02439024	
	2005	19	1	3	18	0.1666667	
	2005	19	2	2	29	0.06896552	
	2005	20	1	0	2	0	
	2005	20	2	1	4	0.25	
	2006	2	1	0	1	0	
	2006	2	2	0	1	0	
	2006	3	1	0	4	0	
	2006	3	2	0	5	0	
	2006	4	1	0	17	0	
	2006	4	2	0	72	0	
	2006	5	1	0	37	0	
	2006	5	2	0	205	0	
	2006	6	1	0	86	0	
	2006	6	2	0	301	0	
	2006	7	1	0	142	0	
	2006	7	2	0	447	0	
	2006	8	1	0	247	0	
	2006	8	2	0	554	0	
	2006	9	1	0	320	0	
	2006	9	2	0	599	0	
	2006	10	1	0	382	0	
	2006	10	2	0	588	0	
	2006	11	1	0	388	0	
	2006	11	2	0	673	0	
	2006	12	1	0	443	0	
	2006	12	2	0	720	0	
	2006	13	1	1	494	0.002024291	
	2006	13	2	0	740	0	
	2006	14	1	1	372	0.002688172	
	2006	14	2	1	630	0.001587302	
	2006	15	1	1	407	0.002457002	
	2006	15	2	2	530	0.003773585	
	2006	16	1	2	347	0.005763689	
	2006	16	2	2	462	0.004329004	
	2006	17	1	4	195	0.02051282	
	2006	17	2	4	277	0.01444043	
	2006	18	1	4	102	0.03921569	
	2006	18	2	6	136	0.04411765	
	2006	19	1	1	15	0.06666667	
	2006	19	2	2	34	0.05882353	
	2006	20	1	0	1	0	
	2006	20	2	1	9	0.1111111	
	2007	1	1	0	1	0	
	2007	2	1	0	1	0	
	2007	3	1	0	5	0	
	2007	3	2	0	7	0	
	2007	4	1	0	13	0	
	2007	4	2	0	81	0	
	2007	5	1	0	26	0	
	2007	5	2	0	216	0	
	2007	6	1	0	73	0	
	2007	6	2	0	368	0	
	2007	7	1	0	134	0	
	2007	7	2	0	507	0	
	2007	8	1	0	230	0	
	2007	8	2	0	587	0	
	2007	9	1	0	379	0	
	2007	9	2	0	642	0	
	2007	10	1	0	391	0	
	2007	10	2	0	688	0	
	2007	11	1	0	409	0	
	2007	11	2	0	700	0	
	2007	12	1	1	449	0.002227171	
	2007	12	2	0	746	0	
	2007	13	1	1	472	0.002118644	
	2007	13	2	0	756	0	
	2007	14	1	2	450	0.004444444	
	2007	14	2	0	660	0	
	2007	15	1	1	410	0.002439024	
	2007	15	2	0	568	0	
	2007	16	1	3	352	0.008522727	
	2007	16	2	2	419	0.00477327	
	2007	17	1	5	252	0.01984127	
	2007	17	2	4	316	0.01265823	
	2007	18	1	1	101	0.00990099	
	2007	18	2	5	163	0.03067485	
	2007	19	1	1	14	0.07142857	
	2007	19	2	2	32	0.0625	
	2007	20	1	0	4	0	
	2007	20	2	1	9	0.1111111	
	2008	1	1	0	1	0	
	2008	2	1	0	1	0	
	2008	3	2	0	6	0	
	2008	4	1	0	28	0	
	2008	4	2	0	91	0	
	2008	5	1	0	30	0	
	2008	5	2	0	182	0	
	2008	6	1	0	94	0	
	2008	6	2	0	406	0	
	2008	7	1	0	160	0	
	2008	7	2	0	475	0	
	2008	8	1	0	234	0	
	2008	8	2	0	604	0	
	2008	9	1	0	398	0	
	2008	9	2	1	682	0.001466276	
	2008	10	1	0	409	0	
	2008	10	2	0	710	0	
	2008	11	1	0	461	0	
	2008	11	2	0	727	0	
	2008	12	1	0	428	0	
	2008	12	2	0	760	0	
	2008	13	1	1	501	0.001996008	
	2008	13	2	1	755	0.001324503	
	2008	14	1	1	515	0.001941748	
	2008	14	2	1	669	0.001494768	
	2008	15	1	4	435	0.009195402	
	2008	15	2	1	579	0.001727116	
	2008	16	1	6	333	0.01801802	
	2008	16	2	2	492	0.004065041	
	2008	17	1	7	229	0.03056769	
	2008	17	2	4	335	0.0119403	
	2008	18	1	4	93	0.04301075	
	2008	18	2	1	129	0.007751938	
	2008	19	1	0	17	0	
	2008	19	2	3	37	0.08108108	
	2008	20	1	0	1	0	
	2008	20	2	1	7	0.1428571	
	2009	2	2	0	6	0	
	2009	3	1	0	7	0	
	2009	3	2	0	15	0	
	2009	4	1	0	21	0	
	2009	4	2	0	74	0	
	2009	5	1	0	48	0	
	2009	5	2	0	210	0	
	2009	6	1	0	102	0	
	2009	6	2	0	409	0	
	2009	7	1	0	167	0	
	2009	7	2	0	564	0	
	2009	8	1	0	269	0	
	2009	8	2	0	610	0	
	2009	9	1	0	376	0	
	2009	9	2	1	694	0.001440922	
	2009	10	1	0	451	0	
	2009	10	2	0	713	0	
	2009	11	1	2	429	0.004662005	
	2009	11	2	0	689	0	
	2009	12	1	0	456	0	
	2009	12	2	0	683	0	
	2009	13	1	2	470	0.004255319	
	2009	13	2	0	750	0	
	2009	14	1	1	477	0.002096436	
	2009	14	2	0	658	0	
	2009	15	1	2	451	0.00443459	
	2009	15	2	1	557	0.001795332	
	2009	16	1	1	397	0.002518892	
	2009	16	2	1	457	0.002188184	
	2009	17	1	7	212	0.03301887	
	2009	17	2	5	317	0.01577287	
	2009	18	1	5	99	0.05050505	
	2009	18	2	4	156	0.02564103	
	2009	19	1	2	20	0.1	
	2009	19	2	0	26	0	
	2009	20	1	1	3	0.3333333	
	2009	20	2	1	4	0.25	
	2010	1	1	0	1	0	
	2010	1	2	0	1	0	
	2010	2	2	0	2	0	
	2010	3	1	0	1	0	
	2010	3	2	0	5	0	
	2010	4	1	0	28	0	
	2010	4	2	0	83	0	
	2010	5	1	0	40	0	
	2010	5	2	0	238	0	
	2010	6	1	0	101	0	
	2010	6	2	0	411	0	
	2010	7	1	0	176	0	
	2010	7	2	0	493	0	
	2010	8	1	0	285	0	
	2010	8	2	0	630	0	
	2010	9	1	1	389	0.002570694	
	2010	9	2	0	685	0	
	2010	10	1	0	481	0	
	2010	10	2	1	723	0.001383126	
	2010	11	1	0	462	0	
	2010	11	2	0	740	0	
	2010	12	1	0	421	0	
	2010	12	2	0	696	0	
	2010	13	1	2	538	0.003717472	
	2010	13	2	0	752	0	
	2010	14	1	0	489	0	
	2010	14	2	0	665	0	
	2010	15	1	3	458	0.006550218	
	2010	15	2	0	595	0	
	2010	16	1	4	414	0.009661836	
	2010	16	2	2	475	0.004210526	
	2010	17	1	2	293	0.006825939	
	2010	17	2	1	305	0.003278689	
	2010	18	1	3	93	0.03225806	
	2010	18	2	4	148	0.02702703	
	2010	19	1	0	20	0	
	2010	19	2	1	28	0.03571429	
	2010	20	2	0	5	0	
	2011	1	1	0	1	0	
	2011	2	1	0	1	0	
	2011	2	2	0	1	0	
	2011	3	1	0	7	0	
	2011	3	2	0	8	0	
	2011	4	1	0	19	0	
	2011	4	2	0	84	0	
	2011	5	1	0	53	0	
	2011	5	2	0	225	0	
	2011	6	1	0	93	0	
	2011	6	2	0	399	0	
	2011	7	1	0	183	0	
	2011	7	2	0	535	0	
	2011	8	1	0	259	0	
	2011	8	2	0	616	0	
	2011	9	1	0	365	0	
	2011	9	2	0	621	0	
	2011	10	1	0	478	0	
	2011	10	2	0	709	0	
	2011	11	1	0	473	0	
	2011	11	2	0	727	0	
	2011	12	1	0	448	0	
	2011	12	2	0	644	0	
	2011	13	1	1	506	0.001976285	
	2011	13	2	0	645	0	
	2011	14	1	0	574	0	
	2011	14	2	0	647	0	
	2011	15	1	2	429	0.004662005	
	2011	15	2	0	553	0	
	2011	16	1	3	404	0.007425743	
	2011	16	2	4	473	0.00845666	
	2011	17	1	4	265	0.01509434	
	2011	17	2	2	302	0.006622517	
	2011	18	1	6	121	0.04958678	
	2011	18	2	4	143	0.02797203	
	2011	19	1	2	31	0.06451613	
	2011	19	2	0	29	0	
	2011	20	1	0	2	0	
	2011	20	2	1	8	0.125	
	2012	1	1	0	1	0	
	2012	1	2	0	1	0	
	2012	3	1	0	3	0	
	2012	3	2	0	11	0	
	2012	4	1	0	11	0	
	2012	4	2	0	92	0	
	2012	5	1	0	53	0	
	2012	5	2	0	244	0	
	2012	6	1	0	120	0	
	2012	6	2	0	429	0	
	2012	7	1	0	182	0	
	2012	7	2	0	547	0	
	2012	8	1	0	252	0	
	2012	8	2	0	546	0	
	2012	9	1	0	398	0	
	2012	9	2	1	610	0.001639344	
	2012	10	1	0	465	0	
	2012	10	2	0	782	0	
	2012	11	1	0	488	0	
	2012	11	2	0	719	0	
	2012	12	1	0	501	0	
	2012	12	2	1	690	0.001449275	
	2012	13	1	1	467	0.002141328	
	2012	13	2	0	688	0	
	2012	14	1	1	512	0.001953125	
	2012	14	2	1	668	0.001497006	
	2012	15	1	2	479	0.004175365	
	2012	15	2	3	560	0.005357143	
	2012	16	1	2	391	0.00511509	
	2012	16	2	2	421	0.004750594	
	2012	17	1	7	276	0.02536232	
	2012	17	2	3	334	0.008982036	
	2012	18	1	3	118	0.02542373	
	2012	18	2	2	140	0.01428571	
	2012	19	1	0	21	0	
	2012	19	2	1	37	0.02702703	
	2012	20	1	0	3	0	
	2012	20	2	0	4	0	
	2013	1	2	0	1	0	
	2013	2	1	0	1	0	
	2013	2	2	0	2	0	
	2013	3	1	0	7	0	
	2013	3	2	0	11	0	
	2013	4	1	0	14	0	
	2013	4	2	0	95	0	
	2013	5	1	0	63	0	
	2013	5	2	0	262	0	
	2013	6	1	0	87	0	
	2013	6	2	0	466	0	
	2013	7	1	0	185	0	
	2013	7	2	0	582	0	
	2013	8	1	0	239	0	
	2013	8	2	0	593	0	
	2013	9	1	0	376	0	
	2013	9	2	1	668	0.001497006	
	2013	10	1	0	489	0	
	2013	10	2	0	757	0	
	2013	11	1	0	493	0	
	2013	11	2	0	742	0	
	2013	12	1	0	518	0	
	2013	12	2	0	747	0	
	2013	13	1	0	486	0	
	2013	13	2	0	669	0	
	2013	14	1	1	521	0.001919386	
	2013	14	2	0	686	0	
	2013	15	1	3	515	0.005825243	
	2013	15	2	0	508	0	
	2013	16	1	1	382	0.002617801	
	2013	16	2	0	467	0	
	2013	17	1	4	272	0.01470588	
	2013	17	2	3	345	0.008695652	
	2013	18	1	5	128	0.0390625	
	2013	18	2	0	133	0	
	2013	19	1	1	33	0.03030303	
	2013	19	2	1	48	0.02083333	
	2013	20	1	0	1	0	
	2013	20	2	0	3	0	

