
	H.1.1.M Vollständige Nephrektomie, Mortalität // Néphrectomie totale, mortalité // Nefrectomia completa, mortalità
	BAG/OFSP/UFSP - CH-IQI Version V4.0 - Daten 2013 - 27. Juli 2015

	Jahr	AltEGrp	Sex	DeathCH	CasesCH	pCH	
	1998	1	1	0	11	0	
	1998	1	2	0	5	0	
	1998	2	1	0	5	0	
	1998	3	1	0	1	0	
	1998	4	1	0	3	0	
	1998	4	2	0	3	0	
	1998	5	1	0	2	0	
	1998	5	2	0	6	0	
	1998	6	1	0	3	0	
	1998	6	2	0	6	0	
	1998	7	1	0	2	0	
	1998	7	2	0	8	0	
	1998	8	1	0	10	0	
	1998	8	2	0	10	0	
	1998	9	1	0	12	0	
	1998	9	2	0	14	0	
	1998	10	1	0	16	0	
	1998	10	2	0	13	0	
	1998	11	1	0	29	0	
	1998	11	2	0	22	0	
	1998	12	1	0	41	0	
	1998	12	2	0	23	0	
	1998	13	1	0	42	0	
	1998	13	2	0	28	0	
	1998	14	1	1	65	0.01538462	
	1998	14	2	0	29	0	
	1998	15	1	0	43	0	
	1998	15	2	0	40	0	
	1998	16	1	0	37	0	
	1998	16	2	0	33	0	
	1998	17	1	0	21	0	
	1998	17	2	0	13	0	
	1998	18	1	0	10	0	
	1998	18	2	2	9	0.2222222	
	1998	19	1	0	1	0	
	1999	1	1	1	13	0.07692308	
	1999	1	2	0	5	0	
	1999	2	1	0	1	0	
	1999	2	2	0	1	0	
	1999	4	1	0	2	0	
	1999	4	2	0	3	0	
	1999	5	1	0	4	0	
	1999	5	2	0	4	0	
	1999	6	1	0	4	0	
	1999	6	2	0	8	0	
	1999	7	1	0	9	0	
	1999	7	2	0	11	0	
	1999	8	1	0	7	0	
	1999	8	2	0	9	0	
	1999	9	1	0	6	0	
	1999	9	2	1	14	0.07142857	
	1999	10	1	1	24	0.04166667	
	1999	10	2	0	17	0	
	1999	11	1	1	29	0.03448276	
	1999	11	2	2	18	0.1111111	
	1999	12	1	1	43	0.02325581	
	1999	12	2	1	30	0.03333333	
	1999	13	1	0	48	0	
	1999	13	2	1	43	0.02325581	
	1999	14	1	1	54	0.01851852	
	1999	14	2	0	40	0	
	1999	15	1	0	55	0	
	1999	15	2	0	53	0	
	1999	16	1	2	43	0.04651163	
	1999	16	2	0	36	0	
	1999	17	1	2	23	0.08695652	
	1999	17	2	0	14	0	
	1999	18	1	0	1	0	
	1999	18	2	0	10	0	
	1999	19	1	0	1	0	
	1999	20	1	0	1	0	
	2000	1	1	0	17	0	
	2000	1	2	0	7	0	
	2000	2	1	0	4	0	
	2000	2	2	0	1	0	
	2000	3	1	0	1	0	
	2000	3	2	0	2	0	
	2000	4	2	0	1	0	
	2000	5	1	0	4	0	
	2000	5	2	0	1	0	
	2000	6	1	0	4	0	
	2000	6	2	0	6	0	
	2000	7	1	0	5	0	
	2000	7	2	0	7	0	
	2000	8	1	0	10	0	
	2000	8	2	0	12	0	
	2000	9	1	0	25	0	
	2000	9	2	0	10	0	
	2000	10	1	0	28	0	
	2000	10	2	0	20	0	
	2000	11	1	0	31	0	
	2000	11	2	1	31	0.03225806	
	2000	12	1	2	39	0.05128205	
	2000	12	2	2	29	0.06896552	
	2000	13	1	2	50	0.04	
	2000	13	2	0	37	0	
	2000	14	1	2	56	0.03571429	
	2000	14	2	1	39	0.02564103	
	2000	15	1	0	63	0	
	2000	15	2	0	46	0	
	2000	16	1	2	51	0.03921569	
	2000	16	2	0	38	0	
	2000	17	1	2	21	0.0952381	
	2000	17	2	0	21	0	
	2000	18	1	2	11	0.1818182	
	2000	18	2	0	9	0	
	2000	19	1	1	3	0.3333333	
	2001	1	1	0	9	0	
	2001	1	2	0	8	0	
	2001	2	1	0	3	0	
	2001	2	2	0	2	0	
	2001	4	1	0	2	0	
	2001	4	2	0	5	0	
	2001	5	1	0	2	0	
	2001	5	2	0	5	0	
	2001	6	1	0	4	0	
	2001	6	2	0	2	0	
	2001	7	1	0	10	0	
	2001	7	2	0	11	0	
	2001	8	1	0	10	0	
	2001	8	2	0	12	0	
	2001	9	1	0	22	0	
	2001	9	2	0	18	0	
	2001	10	1	0	21	0	
	2001	10	2	0	22	0	
	2001	11	1	0	45	0	
	2001	11	2	1	32	0.03125	
	2001	12	1	1	66	0.01515152	
	2001	12	2	0	42	0	
	2001	13	1	1	64	0.015625	
	2001	13	2	0	36	0	
	2001	14	1	0	84	0	
	2001	14	2	0	51	0	
	2001	15	1	1	75	0.01333333	
	2001	15	2	0	53	0	
	2001	16	1	1	55	0.01818182	
	2001	16	2	0	38	0	
	2001	17	1	0	23	0	
	2001	17	2	1	33	0.03030303	
	2001	18	1	1	10	0.1	
	2001	18	2	1	9	0.1111111	
	2001	19	1	0	2	0	
	2001	19	2	0	1	0	
	2002	1	1	0	14	0	
	2002	1	2	0	5	0	
	2002	2	1	0	3	0	
	2002	2	2	0	4	0	
	2002	3	2	0	1	0	
	2002	4	2	0	5	0	
	2002	5	1	0	5	0	
	2002	5	2	0	5	0	
	2002	6	1	0	8	0	
	2002	6	2	0	8	0	
	2002	7	1	0	7	0	
	2002	7	2	0	10	0	
	2002	8	1	0	19	0	
	2002	8	2	0	15	0	
	2002	9	1	1	27	0.03703704	
	2002	9	2	0	15	0	
	2002	10	1	0	30	0	
	2002	10	2	0	28	0	
	2002	11	1	0	39	0	
	2002	11	2	0	36	0	
	2002	12	1	1	63	0.01587302	
	2002	12	2	0	36	0	
	2002	13	1	0	69	0	
	2002	13	2	0	45	0	
	2002	14	1	0	83	0	
	2002	14	2	1	40	0.025	
	2002	15	1	2	78	0.02564103	
	2002	15	2	2	55	0.03636364	
	2002	16	1	2	63	0.03174603	
	2002	16	2	0	49	0	
	2002	17	1	1	46	0.02173913	
	2002	17	2	0	29	0	
	2002	18	1	1	8	0.125	
	2002	18	2	0	5	0	
	2002	19	2	0	1	0	
	2003	1	1	0	9	0	
	2003	1	2	0	7	0	
	2003	2	1	0	8	0	
	2003	2	2	0	3	0	
	2003	3	1	0	1	0	
	2003	3	2	0	1	0	
	2003	4	1	0	1	0	
	2003	4	2	0	3	0	
	2003	5	1	1	5	0.2	
	2003	5	2	0	2	0	
	2003	6	1	1	6	0.1666667	
	2003	6	2	0	3	0	
	2003	7	1	0	10	0	
	2003	7	2	0	8	0	
	2003	8	1	0	18	0	
	2003	8	2	0	21	0	
	2003	9	1	0	21	0	
	2003	9	2	1	22	0.04545455	
	2003	10	1	0	37	0	
	2003	10	2	0	27	0	
	2003	11	1	0	36	0	
	2003	11	2	1	34	0.02941176	
	2003	12	1	0	57	0	
	2003	12	2	1	49	0.02040816	
	2003	13	1	2	76	0.02631579	
	2003	13	2	1	43	0.02325581	
	2003	14	1	1	78	0.01282051	
	2003	14	2	1	57	0.01754386	
	2003	15	1	0	63	0	
	2003	15	2	2	52	0.03846154	
	2003	16	1	2	59	0.03389831	
	2003	16	2	1	37	0.02702703	
	2003	17	1	0	33	0	
	2003	17	2	1	27	0.03703704	
	2003	18	1	0	6	0	
	2003	18	2	0	8	0	
	2003	19	1	0	2	0	
	2003	19	2	0	1	0	
	2004	1	1	0	14	0	
	2004	1	2	0	5	0	
	2004	2	1	0	5	0	
	2004	2	2	0	1	0	
	2004	3	1	0	2	0	
	2004	3	2	0	1	0	
	2004	4	1	0	3	0	
	2004	4	2	0	2	0	
	2004	5	1	0	5	0	
	2004	5	2	0	9	0	
	2004	6	1	0	3	0	
	2004	6	2	0	2	0	
	2004	7	1	0	7	0	
	2004	7	2	0	5	0	
	2004	8	1	0	12	0	
	2004	8	2	0	11	0	
	2004	9	1	0	22	0	
	2004	9	2	0	18	0	
	2004	10	1	0	31	0	
	2004	10	2	0	31	0	
	2004	11	1	2	43	0.04651163	
	2004	11	2	0	31	0	
	2004	12	1	0	49	0	
	2004	12	2	0	50	0	
	2004	13	1	1	77	0.01298701	
	2004	13	2	1	46	0.02173913	
	2004	14	1	0	81	0	
	2004	14	2	0	43	0	
	2004	15	1	0	84	0	
	2004	15	2	0	54	0	
	2004	16	1	1	66	0.01515152	
	2004	16	2	0	48	0	
	2004	17	1	0	32	0	
	2004	17	2	1	29	0.03448276	
	2004	18	1	0	8	0	
	2004	18	2	0	7	0	
	2004	19	1	0	1	0	
	2004	19	2	0	2	0	
	2005	1	1	0	16	0	
	2005	1	2	0	13	0	
	2005	2	1	0	2	0	
	2005	2	2	0	1	0	
	2005	3	1	0	1	0	
	2005	3	2	0	1	0	
	2005	4	2	0	4	0	
	2005	5	1	0	3	0	
	2005	5	2	0	4	0	
	2005	6	1	0	6	0	
	2005	6	2	0	6	0	
	2005	7	1	0	9	0	
	2005	7	2	0	10	0	
	2005	8	1	0	10	0	
	2005	8	2	0	9	0	
	2005	9	1	0	17	0	
	2005	9	2	0	20	0	
	2005	10	1	0	32	0	
	2005	10	2	0	27	0	
	2005	11	1	0	48	0	
	2005	11	2	1	37	0.02702703	
	2005	12	1	0	66	0	
	2005	12	2	1	57	0.01754386	
	2005	13	1	0	102	0	
	2005	13	2	0	44	0	
	2005	14	1	1	71	0.01408451	
	2005	14	2	0	62	0	
	2005	15	1	0	81	0	
	2005	15	2	1	60	0.01666667	
	2005	16	1	2	74	0.02702703	
	2005	16	2	1	51	0.01960784	
	2005	17	1	2	31	0.06451613	
	2005	17	2	2	39	0.05128205	
	2005	18	1	0	9	0	
	2005	18	2	0	11	0	
	2005	19	1	0	1	0	
	2005	19	2	0	2	0	
	2006	1	1	0	10	0	
	2006	1	2	0	8	0	
	2006	2	1	0	4	0	
	2006	3	1	0	3	0	
	2006	3	2	0	4	0	
	2006	4	2	0	1	0	
	2006	5	1	0	7	0	
	2006	5	2	0	5	0	
	2006	6	1	0	9	0	
	2006	6	2	0	1	0	
	2006	7	1	0	3	0	
	2006	7	2	0	8	0	
	2006	8	1	0	15	0	
	2006	8	2	0	18	0	
	2006	9	1	0	20	0	
	2006	9	2	0	27	0	
	2006	10	1	0	29	0	
	2006	10	2	1	38	0.02631579	
	2006	11	1	1	52	0.01923077	
	2006	11	2	0	44	0	
	2006	12	1	0	73	0	
	2006	12	2	1	48	0.02083333	
	2006	13	1	1	86	0.01162791	
	2006	13	2	0	62	0	
	2006	14	1	1	71	0.01408451	
	2006	14	2	1	59	0.01694915	
	2006	15	1	2	78	0.02564103	
	2006	15	2	0	60	0	
	2006	16	1	0	66	0	
	2006	16	2	0	57	0	
	2006	17	1	2	39	0.05128205	
	2006	17	2	2	34	0.05882353	
	2006	18	1	1	11	0.09090909	
	2006	18	2	0	10	0	
	2007	1	1	0	10	0	
	2007	1	2	0	1	0	
	2007	2	1	0	4	0	
	2007	2	2	0	1	0	
	2007	3	1	0	3	0	
	2007	3	2	0	2	0	
	2007	4	1	0	2	0	
	2007	4	2	0	6	0	
	2007	5	1	0	1	0	
	2007	5	2	0	4	0	
	2007	6	1	0	9	0	
	2007	6	2	0	4	0	
	2007	7	1	0	8	0	
	2007	7	2	0	7	0	
	2007	8	1	0	19	0	
	2007	8	2	1	8	0.125	
	2007	9	1	0	22	0	
	2007	9	2	0	28	0	
	2007	10	1	1	42	0.02380952	
	2007	10	2	0	32	0	
	2007	11	1	1	46	0.02173913	
	2007	11	2	0	36	0	
	2007	12	1	0	65	0	
	2007	12	2	0	35	0	
	2007	13	1	2	89	0.02247191	
	2007	13	2	0	55	0	
	2007	14	1	1	107	0.009345794	
	2007	14	2	0	56	0	
	2007	15	1	1	79	0.01265823	
	2007	15	2	0	51	0	
	2007	16	1	4	76	0.05263158	
	2007	16	2	0	48	0	
	2007	17	1	1	41	0.02439024	
	2007	17	2	2	40	0.05	
	2007	18	1	2	20	0.1	
	2007	18	2	1	7	0.1428571	
	2007	19	1	0	1	0	
	2007	19	2	0	4	0	
	2008	1	1	0	20	0	
	2008	1	2	0	7	0	
	2008	2	1	0	2	0	
	2008	2	2	0	3	0	
	2008	3	2	0	1	0	
	2008	4	1	0	4	0	
	2008	5	1	0	1	0	
	2008	5	2	0	7	0	
	2008	6	1	0	7	0	
	2008	6	2	0	8	0	
	2008	7	1	0	6	0	
	2008	7	2	0	9	0	
	2008	8	1	0	14	0	
	2008	8	2	0	10	0	
	2008	9	1	0	25	0	
	2008	9	2	0	23	0	
	2008	10	1	0	43	0	
	2008	10	2	0	43	0	
	2008	11	1	1	41	0.02439024	
	2008	11	2	0	33	0	
	2008	12	1	0	63	0	
	2008	12	2	0	31	0	
	2008	13	1	2	88	0.02272727	
	2008	13	2	2	50	0.04	
	2008	14	1	0	97	0	
	2008	14	2	0	56	0	
	2008	15	1	2	89	0.02247191	
	2008	15	2	2	62	0.03225806	
	2008	16	1	1	70	0.01428571	
	2008	16	2	1	55	0.01818182	
	2008	17	1	3	51	0.05882353	
	2008	17	2	3	52	0.05769231	
	2008	18	1	0	10	0	
	2008	18	2	0	9	0	
	2008	19	1	0	1	0	
	2008	19	2	0	1	0	
	2009	1	1	0	11	0	
	2009	1	2	0	9	0	
	2009	2	1	0	2	0	
	2009	2	2	0	5	0	
	2009	3	1	0	1	0	
	2009	3	2	0	1	0	
	2009	4	1	0	2	0	
	2009	4	2	0	2	0	
	2009	5	1	0	1	0	
	2009	5	2	0	4	0	
	2009	6	1	0	1	0	
	2009	6	2	0	5	0	
	2009	7	1	0	5	0	
	2009	7	2	0	3	0	
	2009	8	1	0	7	0	
	2009	8	2	0	7	0	
	2009	9	1	0	10	0	
	2009	9	2	0	12	0	
	2009	10	1	0	24	0	
	2009	10	2	0	20	0	
	2009	11	1	3	30	0.1	
	2009	11	2	1	21	0.04761905	
	2009	12	1	3	66	0.04545455	
	2009	12	2	0	31	0	
	2009	13	1	1	78	0.01282051	
	2009	13	2	0	46	0	
	2009	14	1	0	86	0	
	2009	14	2	1	41	0.02439024	
	2009	15	1	2	91	0.02197802	
	2009	15	2	2	56	0.03571429	
	2009	16	1	1	79	0.01265823	
	2009	16	2	1	46	0.02173913	
	2009	17	1	2	38	0.05263158	
	2009	17	2	1	35	0.02857143	
	2009	18	1	0	9	0	
	2009	18	2	1	8	0.125	
	2009	19	1	0	1	0	
	2010	1	1	0	14	0	
	2010	1	2	0	12	0	
	2010	2	1	0	2	0	
	2010	2	2	0	3	0	
	2010	3	1	0	1	0	
	2010	3	2	0	1	0	
	2010	4	1	0	5	0	
	2010	4	2	0	7	0	
	2010	5	1	0	3	0	
	2010	5	2	0	4	0	
	2010	6	1	0	8	0	
	2010	6	2	0	6	0	
	2010	7	1	0	3	0	
	2010	7	2	0	10	0	
	2010	8	1	0	15	0	
	2010	8	2	0	9	0	
	2010	9	1	0	17	0	
	2010	9	2	0	8	0	
	2010	10	1	3	37	0.08108108	
	2010	10	2	0	20	0	
	2010	11	1	0	44	0	
	2010	11	2	0	29	0	
	2010	12	1	1	49	0.02040816	
	2010	12	2	0	34	0	
	2010	13	1	0	70	0	
	2010	13	2	3	53	0.05660377	
	2010	14	1	2	91	0.02197802	
	2010	14	2	0	44	0	
	2010	15	1	1	85	0.01176471	
	2010	15	2	0	59	0	
	2010	16	1	0	68	0	
	2010	16	2	1	44	0.02272727	
	2010	17	1	2	50	0.04	
	2010	17	2	1	46	0.02173913	
	2010	18	1	1	18	0.05555556	
	2010	18	2	1	16	0.0625	
	2010	19	1	0	2	0	
	2010	19	2	0	2	0	
	2011	1	1	0	12	0	
	2011	1	2	0	4	0	
	2011	2	1	0	4	0	
	2011	2	2	0	3	0	
	2011	3	1	0	1	0	
	2011	3	2	0	1	0	
	2011	4	1	0	4	0	
	2011	4	2	0	1	0	
	2011	5	1	0	5	0	
	2011	5	2	0	1	0	
	2011	6	1	0	7	0	
	2011	6	2	0	5	0	
	2011	7	1	0	5	0	
	2011	7	2	0	5	0	
	2011	8	1	0	10	0	
	2011	8	2	0	11	0	
	2011	9	1	0	22	0	
	2011	9	2	0	11	0	
	2011	10	1	0	28	0	
	2011	10	2	0	18	0	
	2011	11	1	0	46	0	
	2011	11	2	0	29	0	
	2011	12	1	0	56	0	
	2011	12	2	0	28	0	
	2011	13	1	0	71	0	
	2011	13	2	1	45	0.02222222	
	2011	14	1	0	86	0	
	2011	14	2	1	59	0.01694915	
	2011	15	1	0	84	0	
	2011	15	2	0	54	0	
	2011	16	1	2	90	0.02222222	
	2011	16	2	2	61	0.03278689	
	2011	17	1	1	45	0.02222222	
	2011	17	2	0	37	0	
	2011	18	1	1	19	0.05263158	
	2011	18	2	0	15	0	
	2011	19	1	0	1	0	
	2012	1	1	0	15	0	
	2012	1	2	0	9	0	
	2012	2	1	0	4	0	
	2012	2	2	0	1	0	
	2012	3	1	0	3	0	
	2012	3	2	0	1	0	
	2012	4	1	0	1	0	
	2012	4	2	0	3	0	
	2012	5	1	0	5	0	
	2012	5	2	0	4	0	
	2012	6	1	0	5	0	
	2012	6	2	0	3	0	
	2012	7	1	0	4	0	
	2012	7	2	0	7	0	
	2012	8	1	0	8	0	
	2012	8	2	0	9	0	
	2012	9	1	0	19	0	
	2012	9	2	0	14	0	
	2012	10	1	0	35	0	
	2012	10	2	0	19	0	
	2012	11	1	0	49	0	
	2012	11	2	0	33	0	
	2012	12	1	1	52	0.01923077	
	2012	12	2	0	28	0	
	2012	13	1	0	77	0	
	2012	13	2	0	44	0	
	2012	14	1	3	79	0.03797468	
	2012	14	2	0	59	0	
	2012	15	1	3	94	0.03191489	
	2012	15	2	0	54	0	
	2012	16	1	4	82	0.04878049	
	2012	16	2	0	47	0	
	2012	17	1	1	44	0.02272727	
	2012	17	2	0	27	0	
	2012	18	1	3	16	0.1875	
	2012	18	2	1	16	0.0625	
	2012	19	1	0	1	0	
	2013	1	1	0	14	0	
	2013	1	2	0	5	0	
	2013	2	1	0	3	0	
	2013	2	2	0	3	0	
	2013	3	1	0	1	0	
	2013	3	2	0	1	0	
	2013	4	1	0	2	0	
	2013	4	2	0	4	0	
	2013	5	1	0	1	0	
	2013	5	2	0	3	0	
	2013	6	1	0	3	0	
	2013	6	2	0	8	0	
	2013	7	1	0	4	0	
	2013	7	2	0	8	0	
	2013	8	1	0	6	0	
	2013	8	2	0	5	0	
	2013	9	1	0	12	0	
	2013	9	2	0	10	0	
	2013	10	1	0	22	0	
	2013	10	2	0	18	0	
	2013	11	1	1	42	0.02380952	
	2013	11	2	0	32	0	
	2013	12	1	1	45	0.02222222	
	2013	12	2	0	37	0	
	2013	13	1	1	66	0.01515152	
	2013	13	2	0	41	0	
	2013	14	1	0	96	0	
	2013	14	2	0	43	0	
	2013	15	1	4	87	0.04597701	
	2013	15	2	1	52	0.01923077	
	2013	16	1	2	70	0.02857143	
	2013	16	2	1	51	0.01960784	
	2013	17	1	6	59	0.1016949	
	2013	17	2	2	46	0.04347826	
	2013	18	1	1	22	0.04545455	
	2013	18	2	0	22	0	
	2013	19	1	0	4	0	
	2013	19	2	0	2	0	

