
	F.3.7.M OP an Becken­/Beinarterien bei Aneurysma/Dissektion, Mortalität // OP des artères du bassin/des jambes en cas d’anévrisme/de dissection, mortalité // OP alle arterie del bacino/delle gambe in caso di aneurisma/dissecazione, mortalità
	BAG/OFSP/UFSP - CH-IQI Version V4.0 - Daten 2013 - 27. Juli 2015

	Jahr	AltEGrp	Sex	DeathCH	CasesCH	pCH	
	1998	11	1	0	3	0	
	1998	12	1	0	7	0	
	1998	12	2	0	1	0	
	1998	13	1	0	7	0	
	1998	14	1	0	8	0	
	1998	14	2	0	3	0	
	1998	15	1	0	18	0	
	1998	16	1	0	8	0	
	1998	17	1	1	2	0.5	
	1998	18	1	0	1	0	
	1998	18	2	0	1	0	
	1999	8	1	0	2	0	
	1999	10	1	0	4	0	
	1999	10	2	0	1	0	
	1999	11	1	0	3	0	
	1999	12	1	0	11	0	
	1999	12	2	0	2	0	
	1999	13	1	0	2	0	
	1999	14	1	0	8	0	
	1999	14	2	0	2	0	
	1999	15	1	1	17	0.05882353	
	1999	15	2	0	2	0	
	1999	16	1	1	14	0.07142857	
	1999	16	2	0	2	0	
	1999	17	1	0	5	0	
	1999	17	2	0	1	0	
	1999	18	1	0	5	0	
	1999	18	2	0	1	0	
	2000	7	2	0	1	0	
	2000	10	1	0	2	0	
	2000	11	1	0	4	0	
	2000	11	2	0	1	0	
	2000	12	1	0	8	0	
	2000	12	2	0	2	0	
	2000	13	1	0	11	0	
	2000	14	1	0	16	0	
	2000	15	1	2	23	0.08695652	
	2000	15	2	0	1	0	
	2000	16	1	1	16	0.0625	
	2000	16	2	1	3	0.3333333	
	2000	17	1	0	8	0	
	2000	18	1	0	1	0	
	2000	18	2	0	1	0	
	2001	7	2	0	1	0	
	2001	9	1	0	3	0	
	2001	10	1	0	1	0	
	2001	11	1	0	2	0	
	2001	12	1	0	8	0	
	2001	12	2	0	1	0	
	2001	13	1	0	10	0	
	2001	14	1	0	24	0	
	2001	14	2	0	3	0	
	2001	15	1	0	15	0	
	2001	15	2	0	1	0	
	2001	16	1	1	22	0.04545455	
	2001	16	2	0	2	0	
	2001	17	1	1	8	0.125	
	2001	17	2	0	3	0	
	2001	18	1	0	4	0	
	2001	18	2	0	1	0	
	2002	5	1	0	1	0	
	2002	9	1	0	2	0	
	2002	10	1	0	2	0	
	2002	11	1	0	5	0	
	2002	12	1	0	11	0	
	2002	12	2	0	1	0	
	2002	13	1	0	14	0	
	2002	14	1	1	28	0.03571429	
	2002	14	2	0	3	0	
	2002	15	1	0	29	0	
	2002	15	2	0	2	0	
	2002	16	1	0	12	0	
	2002	16	2	0	2	0	
	2002	17	1	0	9	0	
	2002	18	1	3	5	0.6	
	2002	18	2	0	1	0	
	2002	19	1	0	1	0	
	2003	6	1	0	2	0	
	2003	10	1	0	1	0	
	2003	10	2	0	1	0	
	2003	11	1	0	6	0	
	2003	11	2	0	1	0	
	2003	12	1	0	4	0	
	2003	13	1	0	10	0	
	2003	14	1	0	16	0	
	2003	15	1	1	20	0.05	
	2003	15	2	0	1	0	
	2003	16	1	0	17	0	
	2003	16	2	0	4	0	
	2003	17	1	1	9	0.1111111	
	2003	17	2	0	2	0	
	2003	18	1	0	5	0	
	2003	18	2	0	1	0	
	2003	19	1	0	1	0	
	2004	5	1	0	1	0	
	2004	8	1	0	3	0	
	2004	8	2	0	3	0	
	2004	9	1	0	2	0	
	2004	10	1	1	4	0.25	
	2004	11	1	0	2	0	
	2004	12	1	0	10	0	
	2004	13	1	0	16	0	
	2004	13	2	0	1	0	
	2004	14	1	0	18	0	
	2004	14	2	0	1	0	
	2004	15	1	1	20	0.05	
	2004	15	2	0	3	0	
	2004	16	1	0	16	0	
	2004	16	2	0	1	0	
	2004	17	1	1	11	0.09090909	
	2004	17	2	0	1	0	
	2004	18	1	0	3	0	
	2004	18	2	0	1	0	
	2004	19	1	0	1	0	
	2005	2	1	0	1	0	
	2005	7	2	0	1	0	
	2005	10	1	0	4	0	
	2005	10	2	0	2	0	
	2005	11	1	0	6	0	
	2005	12	1	0	15	0	
	2005	13	1	0	17	0	
	2005	13	2	0	1	0	
	2005	14	1	0	15	0	
	2005	15	1	0	26	0	
	2005	16	1	0	24	0	
	2005	16	2	0	3	0	
	2005	17	1	2	21	0.0952381	
	2005	18	1	1	5	0.2	
	2005	19	1	1	2	0.5	
	2005	19	2	0	1	0	
	2006	6	1	0	1	0	
	2006	7	1	0	1	0	
	2006	8	2	0	1	0	
	2006	9	1	0	2	0	
	2006	10	1	0	2	0	
	2006	11	1	0	7	0	
	2006	12	1	0	14	0	
	2006	13	1	0	20	0	
	2006	13	2	0	2	0	
	2006	14	1	0	19	0	
	2006	14	2	0	3	0	
	2006	15	1	0	28	0	
	2006	15	2	0	4	0	
	2006	16	1	0	15	0	
	2006	16	2	0	2	0	
	2006	17	1	0	13	0	
	2006	17	2	0	1	0	
	2006	18	1	1	5	0.2	
	2007	3	1	0	1	0	
	2007	3	2	0	1	0	
	2007	10	1	0	2	0	
	2007	10	2	0	3	0	
	2007	11	1	0	6	0	
	2007	12	1	0	8	0	
	2007	12	2	0	1	0	
	2007	13	1	0	16	0	
	2007	13	2	0	2	0	
	2007	14	1	0	24	0	
	2007	14	2	0	3	0	
	2007	15	1	0	34	0	
	2007	15	2	0	4	0	
	2007	16	1	2	29	0.06896552	
	2007	16	2	1	2	0.5	
	2007	17	1	0	15	0	
	2007	17	2	1	3	0.3333333	
	2007	18	1	0	4	0	
	2007	18	2	0	2	0	
	2007	19	1	0	1	0	
	2008	8	2	0	1	0	
	2008	9	1	0	2	0	
	2008	10	1	0	3	0	
	2008	11	1	0	7	0	
	2008	11	2	0	1	0	
	2008	12	1	1	12	0.08333333	
	2008	12	2	0	1	0	
	2008	13	1	0	25	0	
	2008	13	2	0	3	0	
	2008	14	1	0	22	0	
	2008	14	2	0	5	0	
	2008	15	1	0	32	0	
	2008	15	2	0	5	0	
	2008	16	1	1	33	0.03030303	
	2008	16	2	0	4	0	
	2008	17	1	0	14	0	
	2008	17	2	0	3	0	
	2008	18	1	1	7	0.1428571	
	2008	18	2	1	4	0.25	
	2008	19	1	0	1	0	
	2009	5	2	0	1	0	
	2009	6	1	0	1	0	
	2009	8	2	0	1	0	
	2009	9	1	0	3	0	
	2009	9	2	0	1	0	
	2009	10	1	0	6	0	
	2009	11	1	0	12	0	
	2009	11	2	0	1	0	
	2009	12	1	0	14	0	
	2009	12	2	0	5	0	
	2009	13	1	0	21	0	
	2009	13	2	0	2	0	
	2009	14	1	0	25	0	
	2009	14	2	0	3	0	
	2009	15	1	0	36	0	
	2009	15	2	0	5	0	
	2009	16	1	4	33	0.1212121	
	2009	16	2	0	3	0	
	2009	17	1	0	25	0	
	2009	17	2	0	7	0	
	2009	18	1	0	8	0	
	2009	18	2	1	5	0.2	
	2009	20	1	0	1	0	
	2010	7	1	0	2	0	
	2010	9	1	0	2	0	
	2010	9	2	0	2	0	
	2010	10	1	0	4	0	
	2010	10	2	0	1	0	
	2010	11	1	0	8	0	
	2010	12	1	0	14	0	
	2010	13	1	1	24	0.04166667	
	2010	13	2	0	2	0	
	2010	14	1	0	23	0	
	2010	14	2	0	3	0	
	2010	15	1	0	29	0	
	2010	15	2	0	11	0	
	2010	16	1	0	23	0	
	2010	16	2	0	8	0	
	2010	17	1	0	14	0	
	2010	17	2	0	8	0	
	2010	18	1	0	3	0	
	2010	18	2	0	4	0	
	2010	19	1	0	1	0	
	2011	4	1	0	1	0	
	2011	5	2	0	1	0	
	2011	6	1	0	1	0	
	2011	7	2	0	3	0	
	2011	9	1	0	8	0	
	2011	9	2	0	1	0	
	2011	10	1	0	4	0	
	2011	11	1	0	12	0	
	2011	12	1	0	17	0	
	2011	12	2	0	1	0	
	2011	13	1	1	26	0.03846154	
	2011	13	2	0	4	0	
	2011	14	1	0	44	0	
	2011	14	2	0	4	0	
	2011	15	1	1	43	0.02325581	
	2011	15	2	0	6	0	
	2011	16	1	1	46	0.02173913	
	2011	16	2	0	10	0	
	2011	17	1	0	35	0	
	2011	17	2	0	4	0	
	2011	18	1	0	11	0	
	2011	18	2	0	4	0	
	2011	19	2	0	1	0	
	2012	4	2	0	1	0	
	2012	7	1	0	1	0	
	2012	9	1	0	5	0	
	2012	10	1	0	8	0	
	2012	10	2	0	1	0	
	2012	11	1	0	9	0	
	2012	11	2	0	2	0	
	2012	12	1	0	23	0	
	2012	12	2	0	2	0	
	2012	13	1	0	35	0	
	2012	13	2	0	3	0	
	2012	14	1	1	65	0.01538462	
	2012	14	2	0	7	0	
	2012	15	1	0	50	0	
	2012	15	2	0	11	0	
	2012	16	1	0	32	0	
	2012	16	2	0	4	0	
	2012	17	1	3	30	0.1	
	2012	17	2	0	4	0	
	2012	18	1	0	8	0	
	2012	18	2	1	3	0.3333333	
	2012	20	1	1	1	1	
	2013	4	1	0	1	0	
	2013	7	1	0	2	0	
	2013	7	2	0	1	0	
	2013	8	1	0	4	0	
	2013	9	1	0	5	0	
	2013	9	2	0	1	0	
	2013	10	1	0	5	0	
	2013	11	1	0	7	0	
	2013	11	2	0	1	0	
	2013	12	1	0	21	0	
	2013	12	2	0	1	0	
	2013	13	1	0	33	0	
	2013	13	2	0	1	0	
	2013	14	1	0	46	0	
	2013	14	2	0	6	0	
	2013	15	1	0	44	0	
	2013	15	2	0	4	0	
	2013	16	1	0	42	0	
	2013	16	2	0	5	0	
	2013	17	1	1	24	0.04166667	
	2013	17	2	0	4	0	
	2013	18	1	0	4	0	
	2013	18	2	0	2	0	

