
	H.5.2.M Radikale Prostatovesikulektomie, Mortalität // Prostatovésiculectomie radicale, mortalité // Prostatovescicolectomia radicale, mortalità
	BAG/OFSP/UFSP - CH-IQI Version V4.0 - Daten 2013 - 27. Juli 2015

	Jahr	AltEGrp	Sex	DeathCH	CasesCH	pCH	
	1998	9	1	0	1	0	
	1998	10	1	0	5	0	
	1998	11	1	0	38	0	
	1998	12	1	0	92	0	
	1998	13	1	0	160	0	
	1998	14	1	0	213	0	
	1998	15	1	0	97	0	
	1998	15	2	0	1	0	
	1998	16	1	0	9	0	
	1998	17	1	0	4	0	
	1999	1	1	0	1	0	
	1999	10	1	0	7	0	
	1999	11	1	0	41	0	
	1999	12	1	0	146	0	
	1999	13	1	0	244	0	
	1999	13	2	0	1	0	
	1999	14	1	0	330	0	
	1999	15	1	0	146	0	
	1999	16	1	0	16	0	
	1999	17	1	0	4	0	
	2000	2	1	0	1	0	
	2000	5	1	0	2	0	
	2000	9	1	0	3	0	
	2000	10	1	0	14	0	
	2000	11	1	0	69	0	
	2000	11	2	0	1	0	
	2000	12	1	0	216	0	
	2000	12	2	0	2	0	
	2000	13	1	0	298	0	
	2000	13	2	0	2	0	
	2000	14	1	0	360	0	
	2000	15	1	0	202	0	
	2000	16	1	0	28	0	
	2000	17	1	0	1	0	
	2000	18	1	0	1	0	
	2001	4	1	0	1	0	
	2001	9	1	0	2	0	
	2001	10	1	0	17	0	
	2001	11	1	0	101	0	
	2001	11	2	0	1	0	
	2001	12	1	0	262	0	
	2001	13	1	0	448	0	
	2001	14	1	0	537	0	
	2001	14	2	0	2	0	
	2001	15	1	0	271	0	
	2001	16	1	0	39	0	
	2001	17	1	0	9	0	
	2001	18	1	0	5	0	
	2001	19	1	0	4	0	
	2002	9	1	0	5	0	
	2002	10	1	0	24	0	
	2002	11	1	0	126	0	
	2002	11	2	0	2	0	
	2002	12	1	2	332	0.006024096	
	2002	12	2	0	1	0	
	2002	13	1	0	506	0	
	2002	14	1	0	517	0	
	2002	15	1	0	262	0	
	2002	16	1	1	19	0.05263158	
	2002	17	1	1	6	0.1666667	
	2002	18	1	0	1	0	
	2002	19	1	1	1	1	
	2002	20	1	0	1	0	
	2003	4	1	0	2	0	
	2003	6	1	0	1	0	
	2003	8	1	0	3	0	
	2003	9	1	0	5	0	
	2003	10	1	0	27	0	
	2003	10	2	0	1	0	
	2003	11	1	0	137	0	
	2003	11	2	0	1	0	
	2003	12	1	0	378	0	
	2003	13	1	1	514	0.001945525	
	2003	13	2	0	1	0	
	2003	14	1	0	555	0	
	2003	14	2	0	1	0	
	2003	15	1	0	270	0	
	2003	16	1	0	39	0	
	2003	17	1	0	5	0	
	2003	17	2	0	1	0	
	2003	18	1	0	3	0	
	2004	1	1	0	1	0	
	2004	2	1	0	3	0	
	2004	3	1	0	3	0	
	2004	4	1	0	3	0	
	2004	6	1	0	1	0	
	2004	8	1	0	1	0	
	2004	9	1	0	4	0	
	2004	10	1	0	21	0	
	2004	11	1	0	146	0	
	2004	12	1	1	355	0.002816901	
	2004	13	1	0	596	0	
	2004	13	2	0	2	0	
	2004	14	1	1	594	0.001683502	
	2004	15	1	1	305	0.003278689	
	2004	16	1	1	63	0.01587302	
	2004	17	1	0	3	0	
	2004	18	1	0	1	0	
	2005	3	1	0	1	0	
	2005	4	1	0	2	0	
	2005	5	1	0	2	0	
	2005	8	1	0	2	0	
	2005	9	1	0	4	0	
	2005	10	1	0	34	0	
	2005	11	1	0	136	0	
	2005	12	1	0	367	0	
	2005	13	1	0	682	0	
	2005	14	1	0	660	0	
	2005	15	1	0	351	0	
	2005	15	2	0	1	0	
	2005	16	1	1	53	0.01886792	
	2005	17	1	0	6	0	
	2005	18	1	0	1	0	
	2005	20	1	0	1	0	
	2006	9	1	0	6	0	
	2006	10	1	0	27	0	
	2006	11	1	0	128	0	
	2006	12	1	0	358	0	
	2006	13	1	0	614	0	
	2006	14	1	1	606	0.001650165	
	2006	15	1	1	351	0.002849003	
	2006	16	1	0	62	0	
	2006	17	1	0	6	0	
	2006	18	1	0	2	0	
	2007	7	1	0	1	0	
	2007	8	1	0	1	0	
	2007	9	1	0	10	0	
	2007	10	1	0	44	0	
	2007	11	1	0	131	0	
	2007	12	1	0	410	0	
	2007	13	1	1	747	0.001338688	
	2007	14	1	0	843	0	
	2007	15	1	1	394	0.002538071	
	2007	16	1	2	65	0.03076923	
	2007	17	1	0	10	0	
	2007	18	1	0	1	0	
	2008	9	1	0	5	0	
	2008	10	1	0	35	0	
	2008	11	1	0	173	0	
	2008	12	1	1	413	0.002421308	
	2008	13	1	0	775	0	
	2008	14	1	0	794	0	
	2008	15	1	1	409	0.002444988	
	2008	16	1	0	79	0	
	2008	17	1	0	5	0	
	2008	19	1	0	1	0	
	2009	6	1	0	1	0	
	2009	8	1	0	1	0	
	2009	9	1	0	4	0	
	2009	10	1	0	43	0	
	2009	11	1	0	162	0	
	2009	12	1	1	428	0.002336449	
	2009	13	1	1	765	0.00130719	
	2009	14	1	2	881	0.002270148	
	2009	15	1	0	430	0	
	2009	16	1	2	76	0.02631579	
	2009	17	1	0	9	0	
	2009	18	1	1	4	0.25	
	2010	9	1	0	3	0	
	2010	10	1	0	36	0	
	2010	11	1	0	158	0	
	2010	12	1	0	363	0	
	2010	13	1	0	712	0	
	2010	14	1	2	879	0.002275313	
	2010	15	1	1	463	0.002159827	
	2010	16	1	0	80	0	
	2010	17	1	1	7	0.1428571	
	2010	18	1	0	3	0	
	2011	5	1	0	1	0	
	2011	8	1	0	3	0	
	2011	9	1	0	8	0	
	2011	10	1	0	38	0	
	2011	11	1	0	166	0	
	2011	12	1	1	423	0.002364066	
	2011	13	1	1	785	0.001273885	
	2011	14	1	0	959	0	
	2011	15	1	0	500	0	
	2011	16	1	0	84	0	
	2011	17	1	0	10	0	
	2012	9	1	0	5	0	
	2012	10	1	0	43	0	
	2012	11	1	0	167	0	
	2012	12	1	0	409	0	
	2012	13	1	0	615	0	
	2012	14	1	1	826	0.001210654	
	2012	15	1	0	433	0	
	2012	16	1	0	92	0	
	2012	17	1	0	3	0	
	2012	18	1	0	1	0	
	2013	9	1	0	5	0	
	2013	10	1	0	32	0	
	2013	11	1	0	139	0	
	2013	12	1	0	339	0	
	2013	12	2	0	1	0	
	2013	13	1	2	606	0.00330033	
	2013	14	1	1	819	0.001221001	
	2013	15	1	0	482	0	
	2013	16	1	0	80	0	
	2013	17	1	0	10	0	
	2013	18	1	0	1	0	

