
	B.1.10.M Intrazerebrale Blutung (ICD­10 I61, Alter >19), Mortalität // Hémorragie intracérébrale (CIM­10 I61, âge >19), mortalité // Emorragia intracerebrale (ICD­10 I61, età >19), mortalità
	BAG/OFSP/UFSP - CH-IQI Version V4.0 - Daten 2013 - 27. Juli 2015

	Jahr	AltEGrp	Sex	DeathCH	CasesCH	pCH	
	1998	5	1	0	2	0	
	1998	5	2	1	2	0.5	
	1998	6	1	0	7	0	
	1998	6	2	1	2	0.5	
	1998	7	1	1	14	0.07142857	
	1998	7	2	0	3	0	
	1998	8	1	0	14	0	
	1998	8	2	1	9	0.1111111	
	1998	9	1	4	24	0.1666667	
	1998	9	2	2	19	0.1052632	
	1998	10	1	2	21	0.0952381	
	1998	10	2	4	15	0.2666667	
	1998	11	1	5	45	0.1111111	
	1998	11	2	1	32	0.03125	
	1998	12	1	11	67	0.1641791	
	1998	12	2	4	23	0.173913	
	1998	13	1	8	44	0.1818182	
	1998	13	2	9	50	0.18	
	1998	14	1	17	74	0.2297297	
	1998	14	2	15	48	0.3125	
	1998	15	1	20	92	0.2173913	
	1998	15	2	25	81	0.308642	
	1998	16	1	32	89	0.3595506	
	1998	16	2	31	92	0.3369565	
	1998	17	1	19	57	0.3333333	
	1998	17	2	26	70	0.3714286	
	1998	18	1	18	43	0.4186047	
	1998	18	2	13	46	0.2826087	
	1998	19	1	4	5	0.8	
	1998	19	2	7	14	0.5	
	1998	20	1	0	2	0	
	1998	20	2	1	2	0.5	
	1999	5	1	0	7	0	
	1999	6	1	1	7	0.1428571	
	1999	6	2	0	2	0	
	1999	7	1	2	10	0.2	
	1999	7	2	0	10	0	
	1999	8	1	1	9	0.1111111	
	1999	8	2	1	7	0.1428571	
	1999	9	1	3	22	0.1363636	
	1999	9	2	1	11	0.09090909	
	1999	10	1	2	21	0.0952381	
	1999	10	2	3	9	0.3333333	
	1999	11	1	3	51	0.05882353	
	1999	11	2	4	39	0.1025641	
	1999	12	1	4	46	0.08695652	
	1999	12	2	7	34	0.2058824	
	1999	13	1	13	73	0.1780822	
	1999	13	2	6	37	0.1621622	
	1999	14	1	25	103	0.2427184	
	1999	14	2	10	53	0.1886792	
	1999	15	1	22	94	0.2340426	
	1999	15	2	17	74	0.2297297	
	1999	16	1	25	93	0.2688172	
	1999	16	2	41	116	0.3534483	
	1999	17	1	21	72	0.2916667	
	1999	17	2	41	83	0.4939759	
	1999	18	1	15	29	0.5172414	
	1999	18	2	23	53	0.4339623	
	1999	19	1	2	4	0.5	
	1999	19	2	7	14	0.5	
	1999	20	1	1	1	1	
	1999	20	2	3	3	1	
	2000	5	1	0	4	0	
	2000	5	2	1	3	0.3333333	
	2000	6	1	0	5	0	
	2000	6	2	0	1	0	
	2000	7	1	0	9	0	
	2000	7	2	0	5	0	
	2000	8	1	3	18	0.1666667	
	2000	8	2	2	12	0.1666667	
	2000	9	1	4	20	0.2	
	2000	9	2	2	14	0.1428571	
	2000	10	1	3	23	0.1304348	
	2000	10	2	4	14	0.2857143	
	2000	11	1	13	59	0.220339	
	2000	11	2	4	30	0.1333333	
	2000	12	1	10	59	0.1694915	
	2000	12	2	6	34	0.1764706	
	2000	13	1	12	80	0.15	
	2000	13	2	11	45	0.2444444	
	2000	14	1	21	94	0.2234043	
	2000	14	2	10	73	0.1369863	
	2000	15	1	37	128	0.2890625	
	2000	15	2	29	98	0.2959184	
	2000	16	1	34	119	0.2857143	
	2000	16	2	32	121	0.2644628	
	2000	17	1	26	77	0.3376623	
	2000	17	2	53	111	0.4774775	
	2000	18	1	21	54	0.3888889	
	2000	18	2	32	52	0.6153846	
	2000	19	1	3	5	0.6	
	2000	19	2	7	20	0.35	
	2000	20	2	1	1	1	
	2001	5	1	0	6	0	
	2001	5	2	0	1	0	
	2001	6	1	0	4	0	
	2001	6	2	1	5	0.2	
	2001	7	1	2	8	0.25	
	2001	7	2	2	13	0.1538462	
	2001	8	1	3	19	0.1578947	
	2001	8	2	2	6	0.3333333	
	2001	9	1	2	13	0.1538462	
	2001	9	2	0	9	0	
	2001	10	1	5	36	0.1388889	
	2001	10	2	2	17	0.1176471	
	2001	11	1	8	40	0.2	
	2001	11	2	2	29	0.06896552	
	2001	12	1	10	54	0.1851852	
	2001	12	2	9	29	0.3103448	
	2001	13	1	17	73	0.2328767	
	2001	13	2	7	54	0.1296296	
	2001	14	1	26	107	0.2429907	
	2001	14	2	16	66	0.2424242	
	2001	15	1	26	91	0.2857143	
	2001	15	2	29	99	0.2929293	
	2001	16	1	46	125	0.368	
	2001	16	2	46	143	0.3216783	
	2001	17	1	50	114	0.4385965	
	2001	17	2	59	135	0.437037	
	2001	18	1	22	41	0.5365854	
	2001	18	2	38	84	0.452381	
	2001	19	1	6	17	0.3529412	
	2001	19	2	10	24	0.4166667	
	2001	20	1	0	1	0	
	2001	20	2	2	6	0.3333333	
	2002	5	1	1	7	0.1428571	
	2002	5	2	1	2	0.5	
	2002	6	1	0	3	0	
	2002	6	2	1	7	0.1428571	
	2002	7	1	1	9	0.1111111	
	2002	7	2	0	3	0	
	2002	8	1	2	13	0.1538462	
	2002	8	2	1	12	0.08333333	
	2002	9	1	8	36	0.2222222	
	2002	9	2	0	10	0	
	2002	10	1	4	31	0.1290323	
	2002	10	2	3	18	0.1666667	
	2002	11	1	11	51	0.2156863	
	2002	11	2	7	35	0.2	
	2002	12	1	15	71	0.2112676	
	2002	12	2	9	55	0.1636364	
	2002	13	1	10	73	0.1369863	
	2002	13	2	10	50	0.2	
	2002	14	1	26	109	0.2385321	
	2002	14	2	10	58	0.1724138	
	2002	15	1	39	125	0.312	
	2002	15	2	28	100	0.28	
	2002	16	1	36	113	0.3185841	
	2002	16	2	42	128	0.328125	
	2002	17	1	43	95	0.4526316	
	2002	17	2	41	115	0.3565217	
	2002	18	1	24	47	0.5106383	
	2002	18	2	28	77	0.3636364	
	2002	19	1	5	18	0.2777778	
	2002	19	2	11	22	0.5	
	2002	20	1	1	3	0.3333333	
	2002	20	2	1	2	0.5	
	2003	5	1	1	2	0.5	
	2003	5	2	0	5	0	
	2003	6	1	0	1	0	
	2003	6	2	1	4	0.25	
	2003	7	1	0	2	0	
	2003	7	2	1	6	0.1666667	
	2003	8	1	2	15	0.1333333	
	2003	8	2	2	9	0.2222222	
	2003	9	1	1	19	0.05263158	
	2003	9	2	1	27	0.03703704	
	2003	10	1	4	37	0.1081081	
	2003	10	2	2	17	0.1176471	
	2003	11	1	12	55	0.2181818	
	2003	11	2	4	31	0.1290323	
	2003	12	1	9	64	0.140625	
	2003	12	2	8	51	0.1568627	
	2003	13	1	14	82	0.1707317	
	2003	13	2	14	54	0.2592593	
	2003	14	1	20	87	0.2298851	
	2003	14	2	7	48	0.1458333	
	2003	15	1	24	113	0.2123894	
	2003	15	2	27	96	0.28125	
	2003	16	1	43	136	0.3161765	
	2003	16	2	53	151	0.3509934	
	2003	17	1	42	101	0.4158416	
	2003	17	2	48	123	0.3902439	
	2003	18	1	21	40	0.525	
	2003	18	2	42	72	0.5833333	
	2003	19	1	10	17	0.5882353	
	2003	19	2	9	30	0.3	
	2003	20	1	0	1	0	
	2003	20	2	1	3	0.3333333	
	2004	5	1	0	2	0	
	2004	5	2	1	4	0.25	
	2004	6	1	1	4	0.25	
	2004	6	2	0	3	0	
	2004	7	1	0	9	0	
	2004	7	2	2	4	0.5	
	2004	8	1	2	7	0.2857143	
	2004	8	2	1	11	0.09090909	
	2004	9	1	3	21	0.1428571	
	2004	9	2	1	11	0.09090909	
	2004	10	1	7	33	0.2121212	
	2004	10	2	1	20	0.05	
	2004	11	1	5	43	0.1162791	
	2004	11	2	8	35	0.2285714	
	2004	12	1	10	96	0.1041667	
	2004	12	2	5	35	0.1428571	
	2004	13	1	23	96	0.2395833	
	2004	13	2	8	35	0.2285714	
	2004	14	1	22	81	0.2716049	
	2004	14	2	10	62	0.1612903	
	2004	15	1	44	127	0.3464567	
	2004	15	2	39	101	0.3861386	
	2004	16	1	36	124	0.2903226	
	2004	16	2	42	130	0.3230769	
	2004	17	1	44	108	0.4074074	
	2004	17	2	59	138	0.4275362	
	2004	18	1	20	41	0.4878049	
	2004	18	2	38	78	0.4871795	
	2004	19	1	4	11	0.3636364	
	2004	19	2	9	23	0.3913043	
	2004	20	2	4	6	0.6666667	
	2005	5	1	3	9	0.3333333	
	2005	5	2	0	5	0	
	2005	6	1	0	7	0	
	2005	7	1	1	10	0.1	
	2005	7	2	1	4	0.25	
	2005	8	1	3	19	0.1578947	
	2005	8	2	1	10	0.1	
	2005	9	1	5	27	0.1851852	
	2005	9	2	0	6	0	
	2005	10	1	5	33	0.1515152	
	2005	10	2	4	17	0.2352941	
	2005	11	1	11	61	0.1803279	
	2005	11	2	5	21	0.2380952	
	2005	12	1	8	56	0.1428571	
	2005	12	2	10	35	0.2857143	
	2005	13	1	15	65	0.2307692	
	2005	13	2	11	43	0.255814	
	2005	14	1	24	133	0.1804511	
	2005	14	2	14	66	0.2121212	
	2005	15	1	30	132	0.2272727	
	2005	15	2	26	87	0.2988506	
	2005	16	1	39	124	0.3145161	
	2005	16	2	44	139	0.3165468	
	2005	17	1	39	95	0.4105263	
	2005	17	2	49	134	0.3656716	
	2005	18	1	25	64	0.390625	
	2005	18	2	42	84	0.5	
	2005	19	1	9	19	0.4736842	
	2005	19	2	14	39	0.3589744	
	2005	20	1	1	1	1	
	2005	20	2	1	3	0.3333333	
	2006	5	1	0	5	0	
	2006	5	2	0	4	0	
	2006	6	1	2	9	0.2222222	
	2006	6	2	0	6	0	
	2006	7	1	2	7	0.2857143	
	2006	7	2	1	3	0.3333333	
	2006	8	1	0	11	0	
	2006	8	2	0	6	0	
	2006	9	1	2	20	0.1	
	2006	9	2	1	18	0.05555556	
	2006	10	1	3	33	0.09090909	
	2006	10	2	5	18	0.2777778	
	2006	11	1	6	52	0.1153846	
	2006	11	2	3	32	0.09375	
	2006	12	1	15	76	0.1973684	
	2006	12	2	8	55	0.1454545	
	2006	13	1	20	88	0.2272727	
	2006	13	2	9	47	0.1914894	
	2006	14	1	24	108	0.2222222	
	2006	14	2	6	61	0.09836066	
	2006	15	1	25	96	0.2604167	
	2006	15	2	27	99	0.2727273	
	2006	16	1	40	111	0.3603604	
	2006	16	2	46	134	0.3432836	
	2006	17	1	53	134	0.3955224	
	2006	17	2	64	153	0.4183007	
	2006	18	1	31	72	0.4305556	
	2006	18	2	42	91	0.4615385	
	2006	19	1	10	17	0.5882353	
	2006	19	2	16	34	0.4705882	
	2006	20	1	1	1	1	
	2006	20	2	0	1	0	
	2007	5	1	0	3	0	
	2007	5	2	1	3	0.3333333	
	2007	6	1	3	8	0.375	
	2007	6	2	0	4	0	
	2007	7	1	0	11	0	
	2007	7	2	1	6	0.1666667	
	2007	8	1	1	17	0.05882353	
	2007	8	2	0	8	0	
	2007	9	1	3	32	0.09375	
	2007	9	2	3	13	0.2307692	
	2007	10	1	11	53	0.2075472	
	2007	10	2	1	20	0.05	
	2007	11	1	9	60	0.15	
	2007	11	2	7	36	0.1944444	
	2007	12	1	15	67	0.2238806	
	2007	12	2	3	37	0.08108108	
	2007	13	1	19	105	0.1809524	
	2007	13	2	14	62	0.2258065	
	2007	14	1	22	110	0.2	
	2007	14	2	18	62	0.2903226	
	2007	15	1	15	108	0.1388889	
	2007	15	2	37	121	0.3057851	
	2007	16	1	46	130	0.3538462	
	2007	16	2	43	125	0.344	
	2007	17	1	54	120	0.45	
	2007	17	2	65	172	0.377907	
	2007	18	1	33	65	0.5076923	
	2007	18	2	54	109	0.4954128	
	2007	19	1	9	14	0.6428571	
	2007	19	2	19	38	0.5	
	2007	20	1	1	1	1	
	2007	20	2	1	6	0.1666667	
	2008	5	1	0	4	0	
	2008	5	2	1	4	0.25	
	2008	6	1	6	10	0.6	
	2008	6	2	0	1	0	
	2008	7	1	0	7	0	
	2008	7	2	2	12	0.1666667	
	2008	8	1	2	12	0.1666667	
	2008	8	2	1	16	0.0625	
	2008	9	1	2	20	0.1	
	2008	9	2	1	19	0.05263158	
	2008	10	1	7	45	0.1555556	
	2008	10	2	2	24	0.08333333	
	2008	11	1	3	41	0.07317073	
	2008	11	2	5	35	0.1428571	
	2008	12	1	10	67	0.1492537	
	2008	12	2	8	30	0.2666667	
	2008	13	1	16	83	0.1927711	
	2008	13	2	8	61	0.1311475	
	2008	14	1	18	92	0.1956522	
	2008	14	2	19	80	0.2375	
	2008	15	1	34	113	0.300885	
	2008	15	2	31	95	0.3263158	
	2008	16	1	59	165	0.3575758	
	2008	16	2	55	154	0.3571429	
	2008	17	1	52	126	0.4126984	
	2008	17	2	62	169	0.3668639	
	2008	18	1	39	75	0.52	
	2008	18	2	74	137	0.540146	
	2008	19	1	16	21	0.7619048	
	2008	19	2	16	35	0.4571429	
	2008	20	1	3	4	0.75	
	2008	20	2	4	10	0.4	
	2009	5	1	1	4	0.25	
	2009	5	2	1	5	0.2	
	2009	6	1	1	8	0.125	
	2009	6	2	0	3	0	
	2009	7	1	0	12	0	
	2009	7	2	0	18	0	
	2009	8	1	0	23	0	
	2009	8	2	1	3	0.3333333	
	2009	9	1	1	21	0.04761905	
	2009	9	2	1	19	0.05263158	
	2009	10	1	6	30	0.2	
	2009	10	2	4	25	0.16	
	2009	11	1	7	57	0.122807	
	2009	11	2	10	32	0.3125	
	2009	12	1	8	50	0.16	
	2009	12	2	9	48	0.1875	
	2009	13	1	11	97	0.1134021	
	2009	13	2	7	51	0.1372549	
	2009	14	1	38	132	0.2878788	
	2009	14	2	19	87	0.2183908	
	2009	15	1	40	148	0.2702703	
	2009	15	2	27	106	0.254717	
	2009	16	1	37	132	0.280303	
	2009	16	2	55	155	0.3548387	
	2009	17	1	33	114	0.2894737	
	2009	17	2	70	179	0.3910615	
	2009	18	1	35	66	0.530303	
	2009	18	2	63	152	0.4144737	
	2009	19	1	12	19	0.6315789	
	2009	19	2	11	31	0.3548387	
	2009	20	1	1	4	0.25	
	2009	20	2	4	10	0.4	
	2010	5	1	0	8	0	
	2010	5	2	0	7	0	
	2010	6	1	0	9	0	
	2010	6	2	0	1	0	
	2010	7	1	1	14	0.07142857	
	2010	7	2	0	7	0	
	2010	8	1	0	6	0	
	2010	8	2	0	10	0	
	2010	9	1	1	26	0.03846154	
	2010	9	2	0	15	0	
	2010	10	1	2	30	0.06666667	
	2010	10	2	3	30	0.1	
	2010	11	1	6	80	0.075	
	2010	11	2	9	47	0.1914894	
	2010	12	1	8	68	0.1176471	
	2010	12	2	10	62	0.1612903	
	2010	13	1	21	94	0.2234043	
	2010	13	2	10	60	0.1666667	
	2010	14	1	21	101	0.2079208	
	2010	14	2	25	96	0.2604167	
	2010	15	1	40	160	0.25	
	2010	15	2	27	114	0.2368421	
	2010	16	1	43	171	0.251462	
	2010	16	2	41	134	0.3059701	
	2010	17	1	43	142	0.3028169	
	2010	17	2	65	192	0.3385417	
	2010	18	1	45	94	0.4787234	
	2010	18	2	59	145	0.4068966	
	2010	19	1	10	23	0.4347826	
	2010	19	2	25	38	0.6578947	
	2010	20	1	4	6	0.6666667	
	2010	20	2	4	7	0.5714286	
	2011	5	1	0	6	0	
	2011	5	2	0	3	0	
	2011	6	1	0	10	0	
	2011	6	2	0	4	0	
	2011	7	1	1	6	0.1666667	
	2011	7	2	0	7	0	
	2011	8	1	1	21	0.04761905	
	2011	8	2	0	20	0	
	2011	9	1	1	27	0.03703704	
	2011	9	2	4	17	0.2352941	
	2011	10	1	4	44	0.09090909	
	2011	10	2	4	32	0.125	
	2011	11	1	4	58	0.06896552	
	2011	11	2	4	39	0.1025641	
	2011	12	1	9	75	0.12	
	2011	12	2	7	36	0.1944444	
	2011	13	1	17	95	0.1789474	
	2011	13	2	8	66	0.1212121	
	2011	14	1	15	108	0.1388889	
	2011	14	2	18	85	0.2117647	
	2011	15	1	26	109	0.2385321	
	2011	15	2	33	142	0.2323944	
	2011	16	1	50	184	0.2717391	
	2011	16	2	40	147	0.2721088	
	2011	17	1	49	145	0.337931	
	2011	17	2	68	189	0.3597884	
	2011	18	1	37	92	0.4021739	
	2011	18	2	72	187	0.3850267	
	2011	19	1	19	40	0.475	
	2011	19	2	19	53	0.3584906	
	2011	20	1	3	5	0.6	
	2011	20	2	9	16	0.5625	
	2012	5	1	1	12	0.08333333	
	2012	5	2	2	15	0.1333333	
	2012	6	1	0	5	0	
	2012	6	2	1	13	0.07692308	
	2012	7	1	0	9	0	
	2012	7	2	0	5	0	
	2012	8	1	0	21	0	
	2012	8	2	0	20	0	
	2012	9	1	2	17	0.1176471	
	2012	9	2	3	16	0.1875	
	2012	10	1	9	45	0.2	
	2012	10	2	4	37	0.1081081	
	2012	11	1	5	54	0.09259259	
	2012	11	2	5	32	0.15625	
	2012	12	1	8	83	0.09638554	
	2012	12	2	5	57	0.0877193	
	2012	13	1	20	123	0.1626016	
	2012	13	2	8	55	0.1454545	
	2012	14	1	21	123	0.1707317	
	2012	14	2	12	70	0.1714286	
	2012	15	1	27	145	0.1862069	
	2012	15	2	22	109	0.2018349	
	2012	16	1	47	151	0.3112583	
	2012	16	2	43	146	0.2945205	
	2012	17	1	52	159	0.327044	
	2012	17	2	55	173	0.3179191	
	2012	18	1	47	100	0.47	
	2012	18	2	57	163	0.3496933	
	2012	19	1	9	22	0.4090909	
	2012	19	2	28	70	0.4	
	2012	20	1	0	4	0	
	2012	20	2	3	7	0.4285714	
	2013	5	1	0	9	0	
	2013	5	2	0	7	0	
	2013	6	1	1	8	0.125	
	2013	6	2	0	7	0	
	2013	7	1	0	13	0	
	2013	7	2	0	6	0	
	2013	8	1	2	14	0.1428571	
	2013	8	2	1	11	0.09090909	
	2013	9	1	2	33	0.06060606	
	2013	9	2	1	32	0.03125	
	2013	10	1	6	51	0.1176471	
	2013	10	2	4	24	0.1666667	
	2013	11	1	12	51	0.2352941	
	2013	11	2	8	49	0.1632653	
	2013	12	1	7	88	0.07954545	
	2013	12	2	5	39	0.1282051	
	2013	13	1	14	96	0.1458333	
	2013	13	2	11	76	0.1447368	
	2013	14	1	20	116	0.1724138	
	2013	14	2	9	66	0.1363636	
	2013	15	1	36	169	0.2130178	
	2013	15	2	30	127	0.2362205	
	2013	16	1	35	154	0.2272727	
	2013	16	2	41	146	0.2808219	
	2013	17	1	66	175	0.3771429	
	2013	17	2	74	176	0.4204545	
	2013	18	1	39	93	0.4193548	
	2013	18	2	66	169	0.3905325	
	2013	19	1	16	29	0.5517241	
	2013	19	2	38	68	0.5588235	
	2013	20	1	1	2	0.5	
	2013	20	2	1	3	0.3333333	

