
	I.3.8.M Pertrochantäre Fraktur (Alter >19), Mortalität // Fracture du trochanter (âge >19), mortalité // Frattura pertrocanterica (età >19), mortalità
	BAG/OFSP/UFSP - CH-IQI Version V4.0 - Daten 2013 - 27. Juli 2015

	Jahr	AltEGrp	Sex	DeathCH	CasesCH	pCH	
	1998	5	2	0	1	0	
	1998	6	1	0	7	0	
	1998	6	2	0	3	0	
	1998	7	1	0	9	0	
	1998	7	2	0	1	0	
	1998	8	1	0	11	0	
	1998	8	2	0	7	0	
	1998	9	1	0	17	0	
	1998	9	2	0	6	0	
	1998	10	1	0	30	0	
	1998	10	2	0	9	0	
	1998	11	1	0	40	0	
	1998	11	2	1	21	0.04761905	
	1998	12	1	0	32	0	
	1998	12	2	0	19	0	
	1998	13	1	2	52	0.03846154	
	1998	13	2	0	37	0	
	1998	14	1	0	36	0	
	1998	14	2	0	69	0	
	1998	15	1	2	62	0.03225806	
	1998	15	2	1	131	0.007633588	
	1998	16	1	4	75	0.05333333	
	1998	16	2	3	235	0.01276596	
	1998	17	1	7	113	0.0619469	
	1998	17	2	11	362	0.03038674	
	1998	18	1	10	85	0.1176471	
	1998	18	2	15	478	0.03138075	
	1998	19	1	3	37	0.08108108	
	1998	19	2	17	276	0.0615942	
	1998	20	1	2	16	0.125	
	1998	20	2	7	58	0.1206897	
	1999	5	1	0	5	0	
	1999	6	1	0	17	0	
	1999	7	1	0	11	0	
	1999	7	2	0	2	0	
	1999	8	1	0	20	0	
	1999	8	2	1	3	0.3333333	
	1999	9	1	0	17	0	
	1999	9	2	0	4	0	
	1999	10	1	0	32	0	
	1999	10	2	0	5	0	
	1999	11	1	1	32	0.03125	
	1999	11	2	0	18	0	
	1999	12	1	0	44	0	
	1999	12	2	0	27	0	
	1999	13	1	0	50	0	
	1999	13	2	0	54	0	
	1999	14	1	2	67	0.02985075	
	1999	14	2	1	67	0.01492537	
	1999	15	1	3	80	0.0375	
	1999	15	2	4	181	0.02209945	
	1999	16	1	1	93	0.01075269	
	1999	16	2	8	330	0.02424242	
	1999	17	1	6	109	0.05504587	
	1999	17	2	14	505	0.02772277	
	1999	18	1	13	122	0.1065574	
	1999	18	2	24	653	0.03675345	
	1999	19	1	6	74	0.08108108	
	1999	19	2	17	379	0.04485488	
	1999	20	1	3	21	0.1428571	
	1999	20	2	8	108	0.07407407	
	2000	5	1	0	5	0	
	2000	5	2	0	2	0	
	2000	6	1	0	6	0	
	2000	6	2	0	2	0	
	2000	7	1	0	10	0	
	2000	8	1	0	22	0	
	2000	8	2	0	2	0	
	2000	9	1	0	19	0	
	2000	9	2	0	5	0	
	2000	10	1	0	22	0	
	2000	10	2	0	11	0	
	2000	11	1	0	42	0	
	2000	11	2	0	11	0	
	2000	12	1	1	47	0.0212766	
	2000	12	2	0	25	0	
	2000	13	1	2	53	0.03773585	
	2000	13	2	1	50	0.02	
	2000	14	1	0	63	0	
	2000	14	2	0	75	0	
	2000	15	1	5	85	0.05882353	
	2000	15	2	3	163	0.01840491	
	2000	16	1	9	108	0.08333333	
	2000	16	2	6	304	0.01973684	
	2000	17	1	12	110	0.1090909	
	2000	17	2	13	494	0.02631579	
	2000	18	1	10	119	0.08403361	
	2000	18	2	28	685	0.04087591	
	2000	19	1	12	73	0.1643836	
	2000	19	2	21	402	0.05223881	
	2000	20	1	3	15	0.2	
	2000	20	2	8	109	0.0733945	
	2001	5	1	0	8	0	
	2001	5	2	0	1	0	
	2001	6	1	0	8	0	
	2001	6	2	0	3	0	
	2001	7	1	0	13	0	
	2001	7	2	0	1	0	
	2001	8	1	0	22	0	
	2001	8	2	0	4	0	
	2001	9	1	0	26	0	
	2001	9	2	0	8	0	
	2001	10	1	0	28	0	
	2001	10	2	0	15	0	
	2001	11	1	0	35	0	
	2001	11	2	0	23	0	
	2001	12	1	0	47	0	
	2001	12	2	0	30	0	
	2001	13	1	0	47	0	
	2001	13	2	0	53	0	
	2001	14	1	1	48	0.02083333	
	2001	14	2	0	78	0	
	2001	15	1	5	81	0.0617284	
	2001	15	2	2	189	0.01058201	
	2001	16	1	9	141	0.06382979	
	2001	16	2	8	389	0.02056555	
	2001	17	1	9	133	0.06766917	
	2001	17	2	16	618	0.02588997	
	2001	18	1	21	150	0.14	
	2001	18	2	25	729	0.03429355	
	2001	19	1	11	74	0.1486486	
	2001	19	2	14	466	0.03004292	
	2001	20	1	6	24	0.25	
	2001	20	2	5	137	0.03649635	
	2002	5	1	0	2	0	
	2002	6	1	0	5	0	
	2002	6	2	0	1	0	
	2002	7	1	0	12	0	
	2002	7	2	0	2	0	
	2002	8	1	0	24	0	
	2002	8	2	0	4	0	
	2002	9	1	0	26	0	
	2002	9	2	0	10	0	
	2002	10	1	0	44	0	
	2002	10	2	0	9	0	
	2002	11	1	2	46	0.04347826	
	2002	11	2	0	27	0	
	2002	12	1	0	55	0	
	2002	12	2	0	36	0	
	2002	13	1	1	71	0.01408451	
	2002	13	2	0	50	0	
	2002	14	1	2	78	0.02564103	
	2002	14	2	2	98	0.02040816	
	2002	15	1	4	89	0.04494382	
	2002	15	2	3	209	0.01435407	
	2002	16	1	9	134	0.06716418	
	2002	16	2	12	406	0.02955665	
	2002	17	1	11	131	0.08396947	
	2002	17	2	16	674	0.02373887	
	2002	18	1	10	144	0.06944444	
	2002	18	2	26	782	0.03324808	
	2002	19	1	13	92	0.1413043	
	2002	19	2	29	537	0.05400372	
	2002	20	1	3	14	0.2142857	
	2002	20	2	10	161	0.0621118	
	2003	5	1	0	3	0	
	2003	5	2	0	1	0	
	2003	6	1	0	7	0	
	2003	6	2	0	3	0	
	2003	7	1	0	16	0	
	2003	7	2	0	3	0	
	2003	8	1	0	11	0	
	2003	8	2	0	2	0	
	2003	9	1	0	25	0	
	2003	9	2	0	9	0	
	2003	10	1	1	35	0.02857143	
	2003	10	2	0	13	0	
	2003	11	1	2	41	0.04878049	
	2003	11	2	0	18	0	
	2003	12	1	1	65	0.01538462	
	2003	12	2	1	65	0.01538462	
	2003	13	1	0	61	0	
	2003	13	2	1	65	0.01538462	
	2003	14	1	4	69	0.05797101	
	2003	14	2	0	90	0	
	2003	15	1	6	112	0.05357143	
	2003	15	2	3	197	0.01522843	
	2003	16	1	9	150	0.06	
	2003	16	2	8	388	0.02061856	
	2003	17	1	18	169	0.1065089	
	2003	17	2	20	690	0.02898551	
	2003	18	1	11	167	0.06586826	
	2003	18	2	41	773	0.0530401	
	2003	19	1	17	100	0.17	
	2003	19	2	27	537	0.05027933	
	2003	20	1	8	28	0.2857143	
	2003	20	2	10	160	0.0625	
	2004	5	1	0	7	0	
	2004	6	1	0	8	0	
	2004	6	2	0	1	0	
	2004	7	1	0	12	0	
	2004	7	2	0	8	0	
	2004	8	1	0	21	0	
	2004	8	2	0	4	0	
	2004	9	1	0	26	0	
	2004	9	2	0	10	0	
	2004	10	1	0	32	0	
	2004	10	2	0	15	0	
	2004	11	1	1	41	0.02439024	
	2004	11	2	2	32	0.0625	
	2004	12	1	0	54	0	
	2004	12	2	0	51	0	
	2004	13	1	1	51	0.01960784	
	2004	13	2	0	55	0	
	2004	14	1	3	71	0.04225352	
	2004	14	2	0	86	0	
	2004	15	1	2	104	0.01923077	
	2004	15	2	4	192	0.02083333	
	2004	16	1	8	131	0.0610687	
	2004	16	2	5	392	0.0127551	
	2004	17	1	12	164	0.07317073	
	2004	17	2	24	674	0.03560831	
	2004	18	1	5	149	0.03355705	
	2004	18	2	23	735	0.03129252	
	2004	19	1	13	95	0.1368421	
	2004	19	2	34	568	0.05985915	
	2004	20	1	3	25	0.12	
	2004	20	2	16	163	0.09815951	
	2005	5	1	0	7	0	
	2005	5	2	0	1	0	
	2005	6	1	0	6	0	
	2005	7	1	0	9	0	
	2005	7	2	0	3	0	
	2005	8	1	0	14	0	
	2005	8	2	0	4	0	
	2005	9	1	0	19	0	
	2005	9	2	0	7	0	
	2005	10	1	0	27	0	
	2005	10	2	0	5	0	
	2005	11	1	0	35	0	
	2005	11	2	0	23	0	
	2005	12	1	0	60	0	
	2005	12	2	0	31	0	
	2005	13	1	2	74	0.02702703	
	2005	13	2	2	57	0.03508772	
	2005	14	1	3	68	0.04411765	
	2005	14	2	1	118	0.008474576	
	2005	15	1	2	83	0.02409639	
	2005	15	2	5	200	0.025	
	2005	16	1	6	128	0.046875	
	2005	16	2	11	426	0.0258216	
	2005	17	1	12	186	0.06451613	
	2005	17	2	15	718	0.02089136	
	2005	18	1	19	185	0.1027027	
	2005	18	2	20	709	0.02820874	
	2005	19	1	9	81	0.1111111	
	2005	19	2	32	508	0.06299213	
	2005	20	1	2	29	0.06896552	
	2005	20	2	9	160	0.05625	
	2006	5	1	0	3	0	
	2006	5	2	0	3	0	
	2006	6	1	0	3	0	
	2006	7	1	0	10	0	
	2006	7	2	0	1	0	
	2006	8	1	0	15	0	
	2006	8	2	0	2	0	
	2006	9	1	0	27	0	
	2006	9	2	0	8	0	
	2006	10	1	0	37	0	
	2006	10	2	1	21	0.04761905	
	2006	11	1	0	38	0	
	2006	11	2	0	9	0	
	2006	12	1	0	53	0	
	2006	12	2	0	43	0	
	2006	13	1	0	69	0	
	2006	13	2	1	66	0.01515152	
	2006	14	1	1	70	0.01428571	
	2006	14	2	2	102	0.01960784	
	2006	15	1	4	91	0.04395604	
	2006	15	2	3	183	0.01639344	
	2006	16	1	5	128	0.0390625	
	2006	16	2	6	378	0.01587302	
	2006	17	1	13	203	0.06403941	
	2006	17	2	17	719	0.02364395	
	2006	18	1	14	187	0.07486631	
	2006	18	2	39	768	0.05078125	
	2006	19	1	16	114	0.1403509	
	2006	19	2	29	573	0.05061082	
	2006	20	1	5	27	0.1851852	
	2006	20	2	10	177	0.05649718	
	2007	5	1	0	5	0	
	2007	5	2	0	2	0	
	2007	6	1	0	9	0	
	2007	7	1	0	4	0	
	2007	7	2	0	3	0	
	2007	8	1	0	17	0	
	2007	8	2	0	1	0	
	2007	9	1	0	14	0	
	2007	9	2	0	9	0	
	2007	10	1	0	39	0	
	2007	10	2	0	9	0	
	2007	11	1	1	45	0.02222222	
	2007	11	2	0	30	0	
	2007	12	1	1	47	0.0212766	
	2007	12	2	0	51	0	
	2007	13	1	3	71	0.04225352	
	2007	13	2	1	67	0.01492537	
	2007	14	1	2	89	0.02247191	
	2007	14	2	1	90	0.01111111	
	2007	15	1	5	77	0.06493506	
	2007	15	2	5	166	0.03012048	
	2007	16	1	9	154	0.05844156	
	2007	16	2	16	380	0.04210526	
	2007	17	1	8	188	0.04255319	
	2007	17	2	15	697	0.0215208	
	2007	18	1	19	193	0.0984456	
	2007	18	2	27	837	0.03225806	
	2007	19	1	14	101	0.1386139	
	2007	19	2	33	583	0.05660377	
	2007	20	1	4	29	0.137931	
	2007	20	2	19	173	0.1098266	
	2008	5	1	0	5	0	
	2008	5	2	0	2	0	
	2008	6	1	0	7	0	
	2008	6	2	0	1	0	
	2008	7	1	0	6	0	
	2008	7	2	0	1	0	
	2008	8	1	0	15	0	
	2008	8	2	0	3	0	
	2008	9	1	0	21	0	
	2008	9	2	0	6	0	
	2008	10	1	0	24	0	
	2008	10	2	0	9	0	
	2008	11	1	1	46	0.02173913	
	2008	11	2	1	27	0.03703704	
	2008	12	1	0	55	0	
	2008	12	2	0	50	0	
	2008	13	1	3	72	0.04166667	
	2008	13	2	0	67	0	
	2008	14	1	1	89	0.01123596	
	2008	14	2	0	98	0	
	2008	15	1	2	83	0.02409639	
	2008	15	2	3	170	0.01764706	
	2008	16	1	5	162	0.0308642	
	2008	16	2	14	408	0.03431373	
	2008	17	1	14	233	0.06008584	
	2008	17	2	14	699	0.02002861	
	2008	18	1	15	192	0.078125	
	2008	18	2	30	918	0.03267974	
	2008	19	1	17	109	0.1559633	
	2008	19	2	30	519	0.05780347	
	2008	20	1	7	41	0.1707317	
	2008	20	2	13	235	0.05531915	
	2009	5	1	0	4	0	
	2009	5	2	0	2	0	
	2009	6	1	0	7	0	
	2009	6	2	0	6	0	
	2009	7	1	0	14	0	
	2009	7	2	0	7	0	
	2009	8	1	0	22	0	
	2009	8	2	0	2	0	
	2009	9	1	0	22	0	
	2009	9	2	0	5	0	
	2009	10	1	0	37	0	
	2009	10	2	0	11	0	
	2009	11	1	0	49	0	
	2009	11	2	0	24	0	
	2009	12	1	0	49	0	
	2009	12	2	0	47	0	
	2009	13	1	0	67	0	
	2009	13	2	0	67	0	
	2009	14	1	3	104	0.02884615	
	2009	14	2	0	112	0	
	2009	15	1	6	122	0.04918033	
	2009	15	2	4	177	0.02259887	
	2009	16	1	7	166	0.04216867	
	2009	16	2	8	383	0.02088773	
	2009	17	1	20	243	0.08230453	
	2009	17	2	15	695	0.02158273	
	2009	18	1	19	222	0.08558559	
	2009	18	2	35	921	0.03800217	
	2009	19	1	11	110	0.1	
	2009	19	2	27	515	0.05242718	
	2009	20	1	3	30	0.1	
	2009	20	2	22	219	0.1004566	
	2010	5	1	0	9	0	
	2010	5	2	0	1	0	
	2010	6	1	0	10	0	
	2010	6	2	0	7	0	
	2010	7	1	0	9	0	
	2010	7	2	0	2	0	
	2010	8	1	0	28	0	
	2010	8	2	0	4	0	
	2010	9	1	1	37	0.02702703	
	2010	9	2	0	11	0	
	2010	10	1	0	41	0	
	2010	10	2	0	16	0	
	2010	11	1	0	58	0	
	2010	11	2	0	22	0	
	2010	12	1	4	81	0.04938272	
	2010	12	2	1	50	0.02	
	2010	13	1	1	102	0.009803922	
	2010	13	2	1	119	0.008403361	
	2010	14	1	3	116	0.02586207	
	2010	14	2	2	153	0.0130719	
	2010	15	1	3	129	0.02325581	
	2010	15	2	3	214	0.01401869	
	2010	16	1	14	205	0.06829268	
	2010	16	2	8	471	0.01698514	
	2010	17	1	15	297	0.05050505	
	2010	17	2	27	892	0.03026906	
	2010	18	1	23	273	0.08424908	
	2010	18	2	44	1123	0.03918077	
	2010	19	1	22	130	0.1692308	
	2010	19	2	31	687	0.04512373	
	2010	20	1	7	38	0.1842105	
	2010	20	2	11	246	0.04471545	
	2011	5	1	0	8	0	
	2011	5	2	0	1	0	
	2011	6	1	0	10	0	
	2011	7	1	0	10	0	
	2011	7	2	0	4	0	
	2011	8	1	0	20	0	
	2011	8	2	0	3	0	
	2011	9	1	0	35	0	
	2011	9	2	0	17	0	
	2011	10	1	0	59	0	
	2011	10	2	0	13	0	
	2011	11	1	0	62	0	
	2011	11	2	0	25	0	
	2011	12	1	0	69	0	
	2011	12	2	2	45	0.04444444	
	2011	13	1	1	100	0.01	
	2011	13	2	0	84	0	
	2011	14	1	2	120	0.01666667	
	2011	14	2	0	178	0	
	2011	15	1	3	140	0.02142857	
	2011	15	2	2	234	0.008547009	
	2011	16	1	6	183	0.03278689	
	2011	16	2	10	449	0.02227171	
	2011	17	1	17	279	0.0609319	
	2011	17	2	19	886	0.0214447	
	2011	18	1	16	294	0.05442177	
	2011	18	2	34	1229	0.02766477	
	2011	19	1	15	153	0.09803922	
	2011	19	2	40	762	0.05249344	
	2011	20	1	10	39	0.2564103	
	2011	20	2	22	286	0.07692308	
	2012	5	1	0	8	0	
	2012	6	1	0	13	0	
	2012	6	2	0	2	0	
	2012	7	1	0	11	0	
	2012	7	2	0	4	0	
	2012	8	1	0	15	0	
	2012	8	2	0	2	0	
	2012	9	1	0	29	0	
	2012	9	2	0	10	0	
	2012	10	1	0	41	0	
	2012	10	2	0	19	0	
	2012	11	1	0	59	0	
	2012	11	2	0	38	0	
	2012	12	1	1	70	0.01428571	
	2012	12	2	2	54	0.03703704	
	2012	13	1	1	99	0.01010101	
	2012	13	2	0	105	0	
	2012	14	1	3	136	0.02205882	
	2012	14	2	3	164	0.01829268	
	2012	15	1	4	130	0.03076923	
	2012	15	2	3	228	0.01315789	
	2012	16	1	6	198	0.03030303	
	2012	16	2	11	450	0.02444444	
	2012	17	1	13	269	0.04832714	
	2012	17	2	21	891	0.02356902	
	2012	18	1	25	329	0.07598784	
	2012	18	2	35	1143	0.03062117	
	2012	19	1	24	167	0.1437126	
	2012	19	2	33	714	0.04621849	
	2012	20	1	14	51	0.2745098	
	2012	20	2	21	248	0.08467742	
	2013	5	1	0	3	0	
	2013	5	2	0	3	0	
	2013	6	1	0	11	0	
	2013	6	2	0	2	0	
	2013	7	1	0	16	0	
	2013	7	2	0	1	0	
	2013	8	1	0	18	0	
	2013	8	2	0	4	0	
	2013	9	1	1	14	0.07142857	
	2013	9	2	0	9	0	
	2013	10	1	0	45	0	
	2013	10	2	0	17	0	
	2013	11	1	0	58	0	
	2013	11	2	1	34	0.02941176	
	2013	12	1	0	72	0	
	2013	12	2	2	46	0.04347826	
	2013	13	1	2	95	0.02105263	
	2013	13	2	1	87	0.01149425	
	2013	14	1	4	119	0.03361345	
	2013	14	2	6	190	0.03157895	
	2013	15	1	6	151	0.0397351	
	2013	15	2	8	251	0.03187251	
	2013	16	1	12	176	0.06818182	
	2013	16	2	6	411	0.01459854	
	2013	17	1	10	283	0.03533569	
	2013	17	2	19	844	0.02251185	
	2013	18	1	32	323	0.09907121	
	2013	18	2	31	1137	0.02726473	
	2013	19	1	18	188	0.09574468	
	2013	19	2	42	806	0.05210918	
	2013	20	1	6	45	0.1333333	
	2013	20	2	14	261	0.05363985	

