
	F.4.2.M Amputation untere Extremität, kein Trauma, Mortalität // Amputation non traumatique de membre inférieur, mortalité // Amputazione non traumatica delle estremità inferiori, mortalità
	BAG/OFSP/UFSP - CH-IQI Version V4.0 - Daten 2013 - 27. Juli 2015

	Jahr	AltEGrp	Sex	DeathCH	CasesCH	pCH	
	1998	4	1	0	1	0	
	1998	4	2	0	1	0	
	1998	6	1	0	1	0	
	1998	6	2	0	1	0	
	1998	7	2	1	2	0.5	
	1998	8	1	0	3	0	
	1998	9	1	0	5	0	
	1998	9	2	0	1	0	
	1998	10	1	0	7	0	
	1998	10	2	0	1	0	
	1998	11	1	0	12	0	
	1998	11	2	0	2	0	
	1998	12	1	1	17	0.05882353	
	1998	12	2	0	7	0	
	1998	13	1	2	28	0.07142857	
	1998	13	2	0	5	0	
	1998	14	1	2	36	0.05555556	
	1998	14	2	1	8	0.125	
	1998	15	1	4	50	0.08	
	1998	15	2	8	28	0.2857143	
	1998	16	1	5	44	0.1136364	
	1998	16	2	4	26	0.1538462	
	1998	17	1	7	35	0.2	
	1998	17	2	1	30	0.03333333	
	1998	18	1	1	23	0.04347826	
	1998	18	2	6	25	0.24	
	1998	19	1	0	2	0	
	1998	19	2	1	14	0.07142857	
	1998	20	1	0	3	0	
	1998	20	2	0	3	0	
	1999	2	2	0	1	0	
	1999	3	1	0	1	0	
	1999	4	1	0	2	0	
	1999	5	1	0	1	0	
	1999	5	2	0	2	0	
	1999	6	2	0	1	0	
	1999	7	1	0	3	0	
	1999	7	2	0	1	0	
	1999	9	1	0	1	0	
	1999	9	2	0	2	0	
	1999	10	1	0	9	0	
	1999	11	1	0	12	0	
	1999	11	2	0	4	0	
	1999	12	1	1	15	0.06666667	
	1999	12	2	0	7	0	
	1999	13	1	3	28	0.1071429	
	1999	13	2	1	9	0.1111111	
	1999	14	1	7	53	0.1320755	
	1999	14	2	4	23	0.173913	
	1999	15	1	10	54	0.1851852	
	1999	15	2	3	30	0.1	
	1999	16	1	4	58	0.06896552	
	1999	16	2	6	43	0.1395349	
	1999	17	1	4	36	0.1111111	
	1999	17	2	7	41	0.1707317	
	1999	18	1	4	35	0.1142857	
	1999	18	2	7	50	0.14	
	1999	19	1	3	10	0.3	
	1999	19	2	4	19	0.2105263	
	1999	20	1	0	2	0	
	1999	20	2	0	3	0	
	2000	1	2	0	1	0	
	2000	2	1	0	1	0	
	2000	3	2	0	1	0	
	2000	4	1	0	1	0	
	2000	4	2	0	1	0	
	2000	6	2	0	1	0	
	2000	7	2	0	2	0	
	2000	8	1	0	2	0	
	2000	9	1	1	7	0.1428571	
	2000	9	2	0	1	0	
	2000	10	1	0	13	0	
	2000	10	2	0	2	0	
	2000	11	1	0	13	0	
	2000	11	2	0	5	0	
	2000	12	1	3	29	0.1034483	
	2000	12	2	0	2	0	
	2000	13	1	0	33	0	
	2000	13	2	2	10	0.2	
	2000	14	1	7	46	0.1521739	
	2000	14	2	2	17	0.1176471	
	2000	15	1	8	59	0.1355932	
	2000	15	2	2	28	0.07142857	
	2000	16	1	11	82	0.1341463	
	2000	16	2	5	33	0.1515152	
	2000	17	1	3	57	0.05263158	
	2000	17	2	8	49	0.1632653	
	2000	18	1	1	33	0.03030303	
	2000	18	2	3	37	0.08108108	
	2000	19	1	0	13	0	
	2000	19	2	2	23	0.08695652	
	2000	20	2	0	4	0	
	2001	1	2	0	1	0	
	2001	4	1	1	2	0.5	
	2001	5	1	0	4	0	
	2001	5	2	0	1	0	
	2001	6	1	0	1	0	
	2001	7	1	0	1	0	
	2001	8	1	0	3	0	
	2001	8	2	0	5	0	
	2001	9	1	0	4	0	
	2001	9	2	0	3	0	
	2001	10	1	0	10	0	
	2001	10	2	0	6	0	
	2001	11	1	2	26	0.07692308	
	2001	11	2	0	7	0	
	2001	12	1	0	31	0	
	2001	12	2	0	13	0	
	2001	13	1	0	27	0	
	2001	13	2	2	12	0.1666667	
	2001	14	1	5	56	0.08928571	
	2001	14	2	4	25	0.16	
	2001	15	1	9	70	0.1285714	
	2001	15	2	3	33	0.09090909	
	2001	16	1	17	95	0.1789474	
	2001	16	2	5	44	0.1136364	
	2001	17	1	8	52	0.1538462	
	2001	17	2	7	47	0.1489362	
	2001	18	1	4	31	0.1290323	
	2001	18	2	4	45	0.08888889	
	2001	19	1	2	14	0.1428571	
	2001	19	2	4	18	0.2222222	
	2001	20	1	1	3	0.3333333	
	2001	20	2	0	4	0	
	2002	1	1	0	1	0	
	2002	1	2	0	1	0	
	2002	3	1	0	4	0	
	2002	3	2	0	1	0	
	2002	4	2	0	2	0	
	2002	5	1	0	2	0	
	2002	6	1	0	1	0	
	2002	7	1	0	2	0	
	2002	7	2	0	1	0	
	2002	8	1	0	2	0	
	2002	8	2	0	3	0	
	2002	9	1	0	6	0	
	2002	10	1	0	13	0	
	2002	10	2	0	4	0	
	2002	11	1	1	11	0.09090909	
	2002	11	2	1	7	0.1428571	
	2002	12	1	1	28	0.03571429	
	2002	12	2	0	6	0	
	2002	13	1	5	33	0.1515152	
	2002	13	2	1	6	0.1666667	
	2002	14	1	10	67	0.1492537	
	2002	14	2	0	18	0	
	2002	15	1	7	64	0.109375	
	2002	15	2	4	42	0.0952381	
	2002	16	1	9	71	0.1267606	
	2002	16	2	3	53	0.05660377	
	2002	17	1	5	54	0.09259259	
	2002	17	2	7	47	0.1489362	
	2002	18	1	7	35	0.2	
	2002	18	2	4	50	0.08	
	2002	19	1	1	13	0.07692308	
	2002	19	2	2	23	0.08695652	
	2002	20	1	0	2	0	
	2002	20	2	1	5	0.2	
	2003	1	2	0	1	0	
	2003	2	2	0	1	0	
	2003	4	1	0	2	0	
	2003	4	2	0	3	0	
	2003	5	1	0	2	0	
	2003	5	2	0	2	0	
	2003	6	1	0	1	0	
	2003	6	2	0	2	0	
	2003	7	1	0	2	0	
	2003	7	2	0	9	0	
	2003	8	1	0	2	0	
	2003	9	1	1	7	0.1428571	
	2003	9	2	0	5	0	
	2003	10	1	1	7	0.1428571	
	2003	10	2	0	3	0	
	2003	11	1	0	20	0	
	2003	11	2	0	10	0	
	2003	12	1	4	40	0.1	
	2003	12	2	1	9	0.1111111	
	2003	13	1	3	47	0.06382979	
	2003	13	2	0	20	0	
	2003	14	1	2	58	0.03448276	
	2003	14	2	2	25	0.08	
	2003	15	1	6	57	0.1052632	
	2003	15	2	1	29	0.03448276	
	2003	16	1	12	96	0.125	
	2003	16	2	4	32	0.125	
	2003	17	1	9	62	0.1451613	
	2003	17	2	3	50	0.06	
	2003	18	1	7	32	0.21875	
	2003	18	2	2	33	0.06060606	
	2003	19	1	2	9	0.2222222	
	2003	19	2	2	13	0.1538462	
	2003	20	1	1	2	0.5	
	2003	20	2	0	5	0	
	2004	1	2	0	2	0	
	2004	2	1	0	1	0	
	2004	4	1	0	3	0	
	2004	4	2	0	1	0	
	2004	5	1	0	3	0	
	2004	5	2	0	2	0	
	2004	6	1	0	7	0	
	2004	6	2	0	2	0	
	2004	7	1	0	8	0	
	2004	7	2	0	3	0	
	2004	8	1	1	12	0.08333333	
	2004	8	2	0	6	0	
	2004	9	1	0	18	0	
	2004	9	2	0	4	0	
	2004	10	1	0	14	0	
	2004	10	2	1	7	0.1428571	
	2004	11	1	1	15	0.06666667	
	2004	11	2	0	6	0	
	2004	12	1	1	30	0.03333333	
	2004	12	2	1	15	0.06666667	
	2004	13	1	8	43	0.1860465	
	2004	13	2	0	10	0	
	2004	14	1	5	56	0.08928571	
	2004	14	2	1	12	0.08333333	
	2004	15	1	6	71	0.08450704	
	2004	15	2	3	31	0.09677419	
	2004	16	1	15	71	0.2112676	
	2004	16	2	5	43	0.1162791	
	2004	17	1	8	63	0.1269841	
	2004	17	2	3	39	0.07692308	
	2004	18	1	7	34	0.2058824	
	2004	18	2	4	37	0.1081081	
	2004	19	1	3	11	0.2727273	
	2004	19	2	1	16	0.0625	
	2004	20	1	0	1	0	
	2004	20	2	1	3	0.3333333	
	2005	3	1	0	1	0	
	2005	4	1	0	3	0	
	2005	4	2	0	2	0	
	2005	5	1	0	2	0	
	2005	5	2	0	4	0	
	2005	6	1	0	6	0	
	2005	6	2	0	2	0	
	2005	7	1	0	2	0	
	2005	7	2	0	4	0	
	2005	8	1	0	5	0	
	2005	8	2	0	3	0	
	2005	9	1	0	6	0	
	2005	9	2	0	6	0	
	2005	10	1	1	9	0.1111111	
	2005	10	2	0	5	0	
	2005	11	1	2	9	0.2222222	
	2005	11	2	1	5	0.2	
	2005	12	1	0	25	0	
	2005	12	2	0	8	0	
	2005	13	1	3	40	0.075	
	2005	13	2	0	13	0	
	2005	14	1	7	57	0.122807	
	2005	14	2	2	18	0.1111111	
	2005	15	1	6	80	0.075	
	2005	15	2	2	29	0.06896552	
	2005	16	1	6	83	0.07228916	
	2005	16	2	5	47	0.106383	
	2005	17	1	6	59	0.1016949	
	2005	17	2	5	48	0.1041667	
	2005	18	1	3	34	0.08823529	
	2005	18	2	5	37	0.1351351	
	2005	19	1	1	17	0.05882353	
	2005	19	2	2	14	0.1428571	
	2005	20	1	0	2	0	
	2005	20	2	2	3	0.6666667	
	2006	2	1	0	1	0	
	2006	4	1	0	2	0	
	2006	4	2	0	1	0	
	2006	5	1	0	4	0	
	2006	5	2	0	3	0	
	2006	6	1	1	4	0.25	
	2006	6	2	0	1	0	
	2006	7	1	0	2	0	
	2006	7	2	0	2	0	
	2006	8	1	0	8	0	
	2006	8	2	0	2	0	
	2006	9	1	1	11	0.09090909	
	2006	9	2	0	7	0	
	2006	10	1	0	4	0	
	2006	10	2	0	3	0	
	2006	11	1	2	28	0.07142857	
	2006	11	2	0	9	0	
	2006	12	1	2	32	0.0625	
	2006	12	2	0	4	0	
	2006	13	1	3	40	0.075	
	2006	13	2	0	10	0	
	2006	14	1	1	47	0.0212766	
	2006	14	2	1	10	0.1	
	2006	15	1	9	73	0.1232877	
	2006	15	2	2	30	0.06666667	
	2006	16	1	6	65	0.09230769	
	2006	16	2	2	32	0.0625	
	2006	17	1	10	51	0.1960784	
	2006	17	2	4	39	0.1025641	
	2006	18	1	3	32	0.09375	
	2006	18	2	3	37	0.08108108	
	2006	19	1	0	7	0	
	2006	19	2	1	16	0.0625	
	2006	20	1	1	2	0.5	
	2006	20	2	0	1	0	
	2007	1	1	0	1	0	
	2007	3	1	0	1	0	
	2007	4	1	0	1	0	
	2007	4	2	0	1	0	
	2007	5	1	0	3	0	
	2007	5	2	0	2	0	
	2007	6	1	0	10	0	
	2007	6	2	0	3	0	
	2007	7	1	0	1	0	
	2007	7	2	0	2	0	
	2007	8	1	0	3	0	
	2007	8	2	0	4	0	
	2007	9	1	0	10	0	
	2007	9	2	0	9	0	
	2007	10	1	1	10	0.1	
	2007	10	2	0	1	0	
	2007	11	1	0	7	0	
	2007	11	2	1	12	0.08333333	
	2007	12	1	2	24	0.08333333	
	2007	12	2	2	4	0.5	
	2007	13	1	4	57	0.07017544	
	2007	13	2	1	12	0.08333333	
	2007	14	1	2	52	0.03846154	
	2007	14	2	1	20	0.05	
	2007	15	1	9	68	0.1323529	
	2007	15	2	1	11	0.09090909	
	2007	16	1	12	74	0.1621622	
	2007	16	2	3	29	0.1034483	
	2007	17	1	6	55	0.1090909	
	2007	17	2	4	27	0.1481481	
	2007	18	1	3	33	0.09090909	
	2007	18	2	5	32	0.15625	
	2007	19	1	2	6	0.3333333	
	2007	19	2	5	14	0.3571429	
	2007	20	1	0	1	0	
	2007	20	2	0	3	0	
	2008	1	1	0	2	0	
	2008	2	1	0	1	0	
	2008	3	1	0	1	0	
	2008	3	2	0	2	0	
	2008	4	1	0	2	0	
	2008	5	2	0	1	0	
	2008	6	1	0	1	0	
	2008	7	2	0	1	0	
	2008	8	1	0	4	0	
	2008	8	2	0	2	0	
	2008	9	1	0	4	0	
	2008	9	2	0	3	0	
	2008	10	1	0	7	0	
	2008	10	2	0	6	0	
	2008	11	1	0	10	0	
	2008	11	2	0	2	0	
	2008	12	1	4	32	0.125	
	2008	12	2	1	11	0.09090909	
	2008	13	1	3	42	0.07142857	
	2008	13	2	2	10	0.2	
	2008	14	1	5	38	0.1315789	
	2008	14	2	1	21	0.04761905	
	2008	15	1	4	62	0.06451613	
	2008	15	2	3	24	0.125	
	2008	16	1	10	67	0.1492537	
	2008	16	2	4	27	0.1481481	
	2008	17	1	6	54	0.1111111	
	2008	17	2	8	40	0.2	
	2008	18	1	4	30	0.1333333	
	2008	18	2	10	52	0.1923077	
	2008	19	1	5	17	0.2941176	
	2008	19	2	3	17	0.1764706	
	2008	20	1	0	1	0	
	2008	20	2	1	2	0.5	
	2009	1	2	0	1	0	
	2009	2	1	0	1	0	
	2009	3	2	1	1	1	
	2009	4	1	0	2	0	
	2009	4	2	0	1	0	
	2009	5	1	0	2	0	
	2009	7	2	0	3	0	
	2009	8	1	0	3	0	
	2009	8	2	0	1	0	
	2009	9	1	0	5	0	
	2009	9	2	0	5	0	
	2009	10	1	0	5	0	
	2009	10	2	0	3	0	
	2009	11	1	1	11	0.09090909	
	2009	11	2	1	2	0.5	
	2009	12	1	4	20	0.2	
	2009	12	2	1	5	0.2	
	2009	13	1	3	43	0.06976744	
	2009	13	2	1	12	0.08333333	
	2009	14	1	9	51	0.1764706	
	2009	14	2	3	18	0.1666667	
	2009	15	1	6	62	0.09677419	
	2009	15	2	2	29	0.06896552	
	2009	16	1	8	58	0.137931	
	2009	16	2	2	26	0.07692308	
	2009	17	1	8	59	0.1355932	
	2009	17	2	2	37	0.05405405	
	2009	18	1	4	40	0.1	
	2009	18	2	11	35	0.3142857	
	2009	19	1	3	6	0.5	
	2009	19	2	3	17	0.1764706	
	2009	20	2	1	4	0.25	
	2010	1	1	0	1	0	
	2010	4	1	0	2	0	
	2010	5	1	0	1	0	
	2010	5	2	0	2	0	
	2010	6	1	0	1	0	
	2010	7	1	0	1	0	
	2010	8	1	0	4	0	
	2010	8	2	0	1	0	
	2010	9	1	1	8	0.125	
	2010	9	2	0	6	0	
	2010	10	1	0	6	0	
	2010	10	2	1	3	0.3333333	
	2010	11	1	0	5	0	
	2010	11	2	0	5	0	
	2010	12	1	4	27	0.1481481	
	2010	12	2	0	5	0	
	2010	13	1	5	67	0.07462687	
	2010	13	2	1	10	0.1	
	2010	14	1	5	50	0.1	
	2010	14	2	3	24	0.125	
	2010	15	1	8	52	0.1538462	
	2010	15	2	2	18	0.1111111	
	2010	16	1	8	59	0.1355932	
	2010	16	2	4	18	0.2222222	
	2010	17	1	16	59	0.2711864	
	2010	17	2	5	34	0.1470588	
	2010	18	1	3	30	0.1	
	2010	18	2	3	21	0.1428571	
	2010	19	1	2	10	0.2	
	2010	19	2	3	13	0.2307692	
	2010	20	1	1	2	0.5	
	2010	20	2	1	3	0.3333333	
	2011	1	1	0	1	0	
	2011	4	1	0	1	0	
	2011	4	2	0	2	0	
	2011	5	1	0	3	0	
	2011	6	1	0	2	0	
	2011	7	1	0	2	0	
	2011	7	2	0	1	0	
	2011	8	1	0	1	0	
	2011	8	2	0	1	0	
	2011	9	1	0	4	0	
	2011	9	2	0	2	0	
	2011	10	1	0	7	0	
	2011	10	2	0	6	0	
	2011	11	1	1	8	0.125	
	2011	11	2	1	6	0.1666667	
	2011	12	1	1	20	0.05	
	2011	12	2	0	4	0	
	2011	13	1	4	42	0.0952381	
	2011	13	2	0	11	0	
	2011	14	1	7	41	0.1707317	
	2011	14	2	3	23	0.1304348	
	2011	15	1	4	42	0.0952381	
	2011	15	2	4	19	0.2105263	
	2011	16	1	14	59	0.2372881	
	2011	16	2	4	29	0.137931	
	2011	17	1	6	46	0.1304348	
	2011	17	2	4	24	0.1666667	
	2011	18	1	4	35	0.1142857	
	2011	18	2	6	28	0.2142857	
	2011	19	1	1	7	0.1428571	
	2011	19	2	0	14	0	
	2011	20	1	0	2	0	
	2011	20	2	1	3	0.3333333	
	2012	2	1	0	1	0	
	2012	3	2	0	1	0	
	2012	4	1	0	1	0	
	2012	4	2	0	1	0	
	2012	5	1	0	5	0	
	2012	6	1	0	2	0	
	2012	7	1	0	1	0	
	2012	8	1	0	2	0	
	2012	8	2	0	2	0	
	2012	9	1	0	3	0	
	2012	9	2	1	5	0.2	
	2012	10	1	0	7	0	
	2012	10	2	0	1	0	
	2012	11	1	1	24	0.04166667	
	2012	11	2	1	12	0.08333333	
	2012	12	1	2	20	0.1	
	2012	12	2	0	12	0	
	2012	13	1	3	41	0.07317073	
	2012	13	2	1	17	0.05882353	
	2012	14	1	7	48	0.1458333	
	2012	14	2	2	19	0.1052632	
	2012	15	1	7	67	0.1044776	
	2012	15	2	2	20	0.1	
	2012	16	1	6	42	0.1428571	
	2012	16	2	4	38	0.1052632	
	2012	17	1	7	48	0.1458333	
	2012	17	2	5	22	0.2272727	
	2012	18	1	6	28	0.2142857	
	2012	18	2	2	35	0.05714286	
	2012	19	1	1	4	0.25	
	2012	19	2	0	8	0	
	2012	20	1	1	2	0.5	
	2012	20	2	1	5	0.2	
	2013	3	1	0	3	0	
	2013	4	2	0	2	0	
	2013	5	1	0	2	0	
	2013	5	2	0	1	0	
	2013	6	1	0	1	0	
	2013	7	1	0	1	0	
	2013	7	2	0	2	0	
	2013	8	1	0	3	0	
	2013	8	2	0	1	0	
	2013	9	1	0	4	0	
	2013	9	2	0	2	0	
	2013	10	1	2	7	0.2857143	
	2013	10	2	1	6	0.1666667	
	2013	11	1	1	7	0.1428571	
	2013	11	2	0	2	0	
	2013	12	1	1	21	0.04761905	
	2013	12	2	1	10	0.1	
	2013	13	1	1	27	0.03703704	
	2013	13	2	1	9	0.1111111	
	2013	14	1	5	47	0.106383	
	2013	14	2	2	15	0.1333333	
	2013	15	1	8	47	0.1702128	
	2013	15	2	2	19	0.1052632	
	2013	16	1	11	59	0.1864407	
	2013	16	2	3	26	0.1153846	
	2013	17	1	10	55	0.1818182	
	2013	17	2	4	33	0.1212121	
	2013	18	1	4	19	0.2105263	
	2013	18	2	3	21	0.1428571	
	2013	19	1	4	10	0.4	
	2013	19	2	0	10	0	
	2013	20	1	0	1	0	
	2013	20	2	0	3	0	

