
	B.1.1.M HD Schlaganfall alle Formen (Alter >19), Mortalität // DP d’accident vasculaire cérébral, toutes les formes (âge >19), mortalité // DP colpo apoplettico, tutte le forme (età >19), mortalità
	BAG/OFSP/UFSP - CH-IQI Version V4.0 - Daten 2013 - 27. Juli 2015

	Jahr	AltEGrp	Sex	DeathCH	CasesCH	pCH	
	1998	5	1	0	13	0	
	1998	5	2	1	13	0.07692308	
	1998	6	1	1	23	0.04347826	
	1998	6	2	1	31	0.03225806	
	1998	7	1	2	32	0.0625	
	1998	7	2	0	34	0	
	1998	8	1	0	48	0	
	1998	8	2	1	37	0.02702703	
	1998	9	1	6	71	0.08450704	
	1998	9	2	6	82	0.07317073	
	1998	10	1	2	111	0.01801802	
	1998	10	2	5	73	0.06849315	
	1998	11	1	7	198	0.03535354	
	1998	11	2	8	143	0.05594406	
	1998	12	1	19	277	0.06859206	
	1998	12	2	9	145	0.06206897	
	1998	13	1	27	290	0.09310345	
	1998	13	2	24	222	0.1081081	
	1998	14	1	35	390	0.08974359	
	1998	14	2	29	270	0.1074074	
	1998	15	1	55	514	0.1070039	
	1998	15	2	49	394	0.1243655	
	1998	16	1	79	538	0.1468401	
	1998	16	2	89	544	0.1636029	
	1998	17	1	90	444	0.2027027	
	1998	17	2	103	564	0.1826241	
	1998	18	1	79	310	0.2548387	
	1998	18	2	105	518	0.2027027	
	1998	19	1	27	83	0.3253012	
	1998	19	2	59	183	0.3224044	
	1998	20	1	8	22	0.3636364	
	1998	20	2	9	31	0.2903226	
	1999	5	1	0	19	0	
	1999	5	2	0	10	0	
	1999	6	1	2	22	0.09090909	
	1999	6	2	0	24	0	
	1999	7	1	2	37	0.05405405	
	1999	7	2	2	42	0.04761905	
	1999	8	1	2	65	0.03076923	
	1999	8	2	2	51	0.03921569	
	1999	9	1	6	89	0.06741573	
	1999	9	2	4	66	0.06060606	
	1999	10	1	3	123	0.02439024	
	1999	10	2	5	92	0.05434783	
	1999	11	1	13	240	0.05416667	
	1999	11	2	15	166	0.09036145	
	1999	12	1	17	297	0.05723906	
	1999	12	2	15	149	0.1006711	
	1999	13	1	29	360	0.08055556	
	1999	13	2	17	220	0.07727273	
	1999	14	1	53	510	0.1039216	
	1999	14	2	34	317	0.1072555	
	1999	15	1	74	642	0.1152648	
	1999	15	2	48	488	0.09836066	
	1999	16	1	97	739	0.1312585	
	1999	16	2	117	709	0.1650212	
	1999	17	1	91	531	0.1713748	
	1999	17	2	137	738	0.1856369	
	1999	18	1	89	367	0.2425068	
	1999	18	2	131	640	0.2046875	
	1999	19	1	26	96	0.2708333	
	1999	19	2	60	249	0.2409639	
	1999	20	1	5	12	0.4166667	
	1999	20	2	16	48	0.3333333	
	2000	5	1	1	19	0.05263158	
	2000	5	2	2	19	0.1052632	
	2000	6	1	0	19	0	
	2000	6	2	0	24	0	
	2000	7	1	2	43	0.04651163	
	2000	7	2	2	42	0.04761905	
	2000	8	1	7	65	0.1076923	
	2000	8	2	4	70	0.05714286	
	2000	9	1	6	75	0.08	
	2000	9	2	5	80	0.0625	
	2000	10	1	6	154	0.03896104	
	2000	10	2	8	88	0.09090909	
	2000	11	1	21	231	0.09090909	
	2000	11	2	13	160	0.08125	
	2000	12	1	19	297	0.06397306	
	2000	12	2	18	193	0.09326425	
	2000	13	1	30	413	0.07263923	
	2000	13	2	19	221	0.08597285	
	2000	14	1	53	506	0.1047431	
	2000	14	2	34	375	0.09066667	
	2000	15	1	86	654	0.1314985	
	2000	15	2	77	507	0.1518738	
	2000	16	1	117	783	0.1494253	
	2000	16	2	127	785	0.1617834	
	2000	17	1	103	599	0.1719533	
	2000	17	2	162	805	0.2012422	
	2000	18	1	93	422	0.2203791	
	2000	18	2	148	633	0.2338073	
	2000	19	1	43	124	0.3467742	
	2000	19	2	64	288	0.2222222	
	2000	20	1	6	19	0.3157895	
	2000	20	2	12	47	0.2553191	
	2001	5	1	0	10	0	
	2001	5	2	0	13	0	
	2001	6	1	0	24	0	
	2001	6	2	1	25	0.04	
	2001	7	1	3	33	0.09090909	
	2001	7	2	3	46	0.06521739	
	2001	8	1	4	74	0.05405405	
	2001	8	2	2	60	0.03333333	
	2001	9	1	10	89	0.1123596	
	2001	9	2	6	81	0.07407407	
	2001	10	1	11	155	0.07096774	
	2001	10	2	8	133	0.06015038	
	2001	11	1	13	250	0.052	
	2001	11	2	14	179	0.07821229	
	2001	12	1	17	332	0.05120482	
	2001	12	2	20	207	0.09661836	
	2001	13	1	31	426	0.07276995	
	2001	13	2	20	257	0.07782101	
	2001	14	1	56	559	0.1001789	
	2001	14	2	32	377	0.08488064	
	2001	15	1	78	698	0.1117479	
	2001	15	2	69	541	0.1275416	
	2001	16	1	125	776	0.1610825	
	2001	16	2	118	847	0.1393152	
	2001	17	1	146	718	0.2033426	
	2001	17	2	168	876	0.1917808	
	2001	18	1	106	463	0.2289417	
	2001	18	2	164	771	0.2127108	
	2001	19	1	36	129	0.2790698	
	2001	19	2	87	337	0.2581602	
	2001	20	1	7	21	0.3333333	
	2001	20	2	21	58	0.362069	
	2002	5	1	1	18	0.05555556	
	2002	5	2	2	14	0.1428571	
	2002	6	1	0	15	0	
	2002	6	2	3	25	0.12	
	2002	7	1	3	49	0.06122449	
	2002	7	2	1	37	0.02702703	
	2002	8	1	7	81	0.08641975	
	2002	8	2	1	67	0.01492537	
	2002	9	1	13	141	0.09219858	
	2002	9	2	7	87	0.08045977	
	2002	10	1	9	157	0.05732484	
	2002	10	2	7	132	0.0530303	
	2002	11	1	17	270	0.06296296	
	2002	11	2	18	215	0.08372093	
	2002	12	1	26	411	0.06326034	
	2002	12	2	18	218	0.08256881	
	2002	13	1	24	432	0.05555556	
	2002	13	2	25	271	0.09225092	
	2002	14	1	47	575	0.08173913	
	2002	14	2	28	359	0.07799443	
	2002	15	1	92	747	0.1231593	
	2002	15	2	71	555	0.1279279	
	2002	16	1	109	774	0.1408269	
	2002	16	2	111	814	0.1363636	
	2002	17	1	143	728	0.1964286	
	2002	17	2	154	937	0.1643543	
	2002	18	1	103	420	0.2452381	
	2002	18	2	142	726	0.1955923	
	2002	19	1	43	146	0.2945205	
	2002	19	2	78	335	0.2328358	
	2002	20	1	11	30	0.3666667	
	2002	20	2	14	54	0.2592593	
	2003	5	1	2	14	0.1428571	
	2003	5	2	0	26	0	
	2003	6	1	0	21	0	
	2003	6	2	4	20	0.2	
	2003	7	1	0	30	0	
	2003	7	2	1	43	0.02325581	
	2003	8	1	4	80	0.05	
	2003	8	2	4	66	0.06060606	
	2003	9	1	5	102	0.04901961	
	2003	9	2	4	104	0.03846154	
	2003	10	1	11	165	0.06666667	
	2003	10	2	9	136	0.06617647	
	2003	11	1	23	269	0.08550186	
	2003	11	2	12	178	0.06741573	
	2003	12	1	21	373	0.05630027	
	2003	12	2	18	233	0.07725322	
	2003	13	1	29	468	0.06196581	
	2003	13	2	26	260	0.1	
	2003	14	1	42	566	0.07420495	
	2003	14	2	27	357	0.07563025	
	2003	15	1	80	791	0.1011378	
	2003	15	2	72	567	0.1269841	
	2003	16	1	113	816	0.1384804	
	2003	16	2	116	861	0.1347271	
	2003	17	1	154	801	0.1922597	
	2003	17	2	174	1006	0.1729622	
	2003	18	1	97	414	0.2342995	
	2003	18	2	158	751	0.2103862	
	2003	19	1	61	170	0.3588235	
	2003	19	2	93	337	0.2759644	
	2003	20	1	7	24	0.2916667	
	2003	20	2	23	57	0.4035088	
	2004	5	1	0	8	0	
	2004	5	2	1	23	0.04347826	
	2004	6	1	2	17	0.1176471	
	2004	6	2	1	20	0.05	
	2004	7	1	1	36	0.02777778	
	2004	7	2	3	48	0.0625	
	2004	8	1	6	66	0.09090909	
	2004	8	2	4	54	0.07407407	
	2004	9	1	8	117	0.06837607	
	2004	9	2	3	112	0.02678571	
	2004	10	1	10	200	0.05	
	2004	10	2	12	144	0.08333333	
	2004	11	1	11	263	0.0418251	
	2004	11	2	19	176	0.1079545	
	2004	12	1	27	429	0.06293706	
	2004	12	2	22	198	0.1111111	
	2004	13	1	44	466	0.0944206	
	2004	13	2	23	251	0.09163347	
	2004	14	1	50	595	0.08403361	
	2004	14	2	36	369	0.09756098	
	2004	15	1	92	734	0.1253406	
	2004	15	2	71	562	0.1263345	
	2004	16	1	106	782	0.1355499	
	2004	16	2	113	883	0.1279728	
	2004	17	1	137	801	0.1710362	
	2004	17	2	165	946	0.1744186	
	2004	18	1	103	421	0.2446556	
	2004	18	2	136	644	0.2111801	
	2004	19	1	42	178	0.2359551	
	2004	19	2	84	324	0.2592593	
	2004	20	1	3	7	0.4285714	
	2004	20	2	16	57	0.2807018	
	2005	5	1	4	24	0.1666667	
	2005	5	2	0	16	0	
	2005	6	1	2	26	0.07692308	
	2005	6	2	0	12	0	
	2005	7	1	3	43	0.06976744	
	2005	7	2	4	43	0.09302326	
	2005	8	1	5	79	0.06329114	
	2005	8	2	5	85	0.05882353	
	2005	9	1	8	113	0.07079646	
	2005	9	2	5	88	0.05681818	
	2005	10	1	9	193	0.04663212	
	2005	10	2	17	168	0.1011905	
	2005	11	1	20	295	0.06779661	
	2005	11	2	11	158	0.06962025	
	2005	12	1	21	405	0.05185185	
	2005	12	2	18	202	0.08910891	
	2005	13	1	41	480	0.08541667	
	2005	13	2	33	260	0.1269231	
	2005	14	1	48	652	0.07361963	
	2005	14	2	36	347	0.1037464	
	2005	15	1	78	700	0.1114286	
	2005	15	2	68	567	0.1199295	
	2005	16	1	111	845	0.1313609	
	2005	16	2	123	802	0.1533666	
	2005	17	1	133	741	0.1794872	
	2005	17	2	151	982	0.1537678	
	2005	18	1	94	416	0.2259615	
	2005	18	2	153	689	0.222061	
	2005	19	1	62	168	0.3690476	
	2005	19	2	85	333	0.2552553	
	2005	20	1	8	24	0.3333333	
	2005	20	2	20	62	0.3225806	
	2006	5	1	0	12	0	
	2006	5	2	0	11	0	
	2006	6	1	4	28	0.1428571	
	2006	6	2	1	30	0.03333333	
	2006	7	1	2	34	0.05882353	
	2006	7	2	3	40	0.075	
	2006	8	1	3	64	0.046875	
	2006	8	2	1	46	0.02173913	
	2006	9	1	8	128	0.0625	
	2006	9	2	6	118	0.05084746	
	2006	10	1	8	198	0.04040404	
	2006	10	2	15	145	0.1034483	
	2006	11	1	16	333	0.04804805	
	2006	11	2	17	194	0.08762887	
	2006	12	1	31	469	0.06609808	
	2006	12	2	18	236	0.07627119	
	2006	13	1	48	541	0.08872458	
	2006	13	2	26	296	0.08783784	
	2006	14	1	53	602	0.08803987	
	2006	14	2	32	356	0.08988764	
	2006	15	1	73	778	0.09383033	
	2006	15	2	65	602	0.1079734	
	2006	16	1	123	869	0.141542	
	2006	16	2	113	907	0.1245865	
	2006	17	1	151	822	0.1836983	
	2006	17	2	170	999	0.1701702	
	2006	18	1	117	510	0.2294118	
	2006	18	2	187	799	0.2340426	
	2006	19	1	47	172	0.2732558	
	2006	19	2	76	356	0.2134831	
	2006	20	1	10	20	0.5	
	2006	20	2	21	70	0.3	
	2007	5	1	1	11	0.09090909	
	2007	5	2	1	13	0.07692308	
	2007	6	1	4	17	0.2352941	
	2007	6	2	0	24	0	
	2007	7	1	1	40	0.025	
	2007	7	2	4	25	0.16	
	2007	8	1	2	70	0.02857143	
	2007	8	2	2	66	0.03030303	
	2007	9	1	8	146	0.05479452	
	2007	9	2	7	90	0.07777778	
	2007	10	1	24	214	0.1121495	
	2007	10	2	8	140	0.05714286	
	2007	11	1	14	301	0.04651163	
	2007	11	2	16	209	0.07655502	
	2007	12	1	31	447	0.06935123	
	2007	12	2	18	259	0.06949807	
	2007	13	1	34	542	0.06273063	
	2007	13	2	29	317	0.09148265	
	2007	14	1	62	641	0.09672387	
	2007	14	2	32	352	0.09090909	
	2007	15	1	55	767	0.07170795	
	2007	15	2	74	625	0.1184	
	2007	16	1	119	842	0.1413302	
	2007	16	2	112	864	0.1296296	
	2007	17	1	134	793	0.1689786	
	2007	17	2	194	1071	0.1811391	
	2007	18	1	113	528	0.2140152	
	2007	18	2	170	835	0.2035928	
	2007	19	1	46	181	0.2541436	
	2007	19	2	95	380	0.25	
	2007	20	1	11	32	0.34375	
	2007	20	2	40	89	0.4494382	
	2008	5	1	0	14	0	
	2008	5	2	1	17	0.05882353	
	2008	6	1	6	29	0.2068966	
	2008	6	2	0	26	0	
	2008	7	1	1	40	0.025	
	2008	7	2	2	36	0.05555556	
	2008	8	1	5	68	0.07352941	
	2008	8	2	4	72	0.05555556	
	2008	9	1	5	147	0.03401361	
	2008	9	2	6	126	0.04761905	
	2008	10	1	11	208	0.05288462	
	2008	10	2	13	185	0.07027027	
	2008	11	1	9	333	0.02702703	
	2008	11	2	13	220	0.05909091	
	2008	12	1	25	442	0.05656109	
	2008	12	2	23	221	0.1040724	
	2008	13	1	34	588	0.05782313	
	2008	13	2	29	320	0.090625	
	2008	14	1	43	682	0.06304985	
	2008	14	2	41	421	0.09738717	
	2008	15	1	75	732	0.102459	
	2008	15	2	70	598	0.1170569	
	2008	16	1	136	1002	0.1357285	
	2008	16	2	109	824	0.1322816	
	2008	17	1	122	886	0.1376975	
	2008	17	2	177	1043	0.1697028	
	2008	18	1	128	559	0.2289803	
	2008	18	2	192	907	0.2116869	
	2008	19	1	60	207	0.2898551	
	2008	19	2	95	375	0.2533333	
	2008	20	1	13	31	0.4193548	
	2008	20	2	28	90	0.3111111	
	2009	5	1	1	18	0.05555556	
	2009	5	2	1	16	0.0625	
	2009	6	1	2	32	0.0625	
	2009	6	2	1	30	0.03333333	
	2009	7	1	0	45	0	
	2009	7	2	2	64	0.03125	
	2009	8	1	4	106	0.03773585	
	2009	8	2	1	53	0.01886792	
	2009	9	1	9	173	0.05202312	
	2009	9	2	3	112	0.02678571	
	2009	10	1	9	243	0.03703704	
	2009	10	2	10	147	0.06802721	
	2009	11	1	13	347	0.03746398	
	2009	11	2	25	195	0.1282051	
	2009	12	1	29	465	0.06236559	
	2009	12	2	18	217	0.08294931	
	2009	13	1	31	618	0.05016181	
	2009	13	2	30	322	0.0931677	
	2009	14	1	70	769	0.09102731	
	2009	14	2	47	457	0.1028446	
	2009	15	1	88	905	0.09723757	
	2009	15	2	61	584	0.1044521	
	2009	16	1	98	975	0.1005128	
	2009	16	2	114	888	0.1283784	
	2009	17	1	113	787	0.1435832	
	2009	17	2	161	1081	0.1489362	
	2009	18	1	118	581	0.2030981	
	2009	18	2	213	958	0.2223382	
	2009	19	1	55	189	0.2910053	
	2009	19	2	73	306	0.2385621	
	2009	20	1	10	26	0.3846154	
	2009	20	2	32	94	0.3404255	
	2010	5	1	0	14	0	
	2010	5	2	1	20	0.05	
	2010	6	1	2	39	0.05128205	
	2010	6	2	1	22	0.04545455	
	2010	7	1	5	52	0.09615385	
	2010	7	2	1	44	0.02272727	
	2010	8	1	1	78	0.01282051	
	2010	8	2	2	60	0.03333333	
	2010	9	1	2	144	0.01388889	
	2010	9	2	6	101	0.05940594	
	2010	10	1	12	250	0.048	
	2010	10	2	9	218	0.0412844	
	2010	11	1	19	426	0.04460094	
	2010	11	2	18	226	0.07964602	
	2010	12	1	25	520	0.04807692	
	2010	12	2	21	274	0.07664234	
	2010	13	1	47	687	0.06841339	
	2010	13	2	26	366	0.07103825	
	2010	14	1	51	819	0.06227106	
	2010	14	2	49	516	0.09496124	
	2010	15	1	86	900	0.09555556	
	2010	15	2	58	618	0.09385113	
	2010	16	1	123	1126	0.1092362	
	2010	16	2	82	949	0.08640674	
	2010	17	1	141	1015	0.1389163	
	2010	17	2	181	1268	0.1427445	
	2010	18	1	146	698	0.2091691	
	2010	18	2	214	1072	0.1996269	
	2010	19	1	57	232	0.2456897	
	2010	19	2	113	406	0.2783251	
	2010	20	1	17	39	0.4358974	
	2010	20	2	34	106	0.3207547	
	2011	5	1	1	15	0.06666667	
	2011	5	2	0	13	0	
	2011	6	1	0	30	0	
	2011	6	2	0	36	0	
	2011	7	1	1	52	0.01923077	
	2011	7	2	1	43	0.02325581	
	2011	8	1	4	104	0.03846154	
	2011	8	2	2	72	0.02777778	
	2011	9	1	4	161	0.02484472	
	2011	9	2	12	129	0.09302326	
	2011	10	1	10	310	0.03225806	
	2011	10	2	14	200	0.07	
	2011	11	1	15	390	0.03846154	
	2011	11	2	11	233	0.0472103	
	2011	12	1	25	585	0.04273504	
	2011	12	2	19	270	0.07037037	
	2011	13	1	43	700	0.06142857	
	2011	13	2	25	402	0.06218905	
	2011	14	1	37	793	0.04665826	
	2011	14	2	40	497	0.0804829	
	2011	15	1	74	873	0.08476518	
	2011	15	2	69	646	0.1068111	
	2011	16	1	112	1156	0.09688581	
	2011	16	2	107	1016	0.105315	
	2011	17	1	130	1066	0.1219512	
	2011	17	2	152	1316	0.1155015	
	2011	18	1	133	767	0.1734029	
	2011	18	2	189	1145	0.1650655	
	2011	19	1	63	267	0.2359551	
	2011	19	2	96	506	0.1897233	
	2011	20	1	12	49	0.244898	
	2011	20	2	35	118	0.2966102	
	2012	5	1	2	27	0.07407407	
	2012	5	2	2	39	0.05128205	
	2012	6	1	0	28	0	
	2012	6	2	1	41	0.02439024	
	2012	7	1	1	59	0.01694915	
	2012	7	2	1	36	0.02777778	
	2012	8	1	0	88	0	
	2012	8	2	4	89	0.04494382	
	2012	9	1	7	140	0.05	
	2012	9	2	7	127	0.05511811	
	2012	10	1	12	349	0.03438395	
	2012	10	2	11	252	0.04365079	
	2012	11	1	14	423	0.03309693	
	2012	11	2	15	258	0.05813953	
	2012	12	1	16	602	0.02657807	
	2012	12	2	24	296	0.08108108	
	2012	13	1	41	708	0.0579096	
	2012	13	2	24	384	0.0625	
	2012	14	1	56	981	0.05708461	
	2012	14	2	37	532	0.06954887	
	2012	15	1	60	963	0.0623053	
	2012	15	2	65	730	0.0890411	
	2012	16	1	118	1087	0.1085557	
	2012	16	2	99	1048	0.09446565	
	2012	17	1	146	1099	0.132848	
	2012	17	2	150	1368	0.1096491	
	2012	18	1	146	762	0.191601	
	2012	18	2	202	1207	0.1673571	
	2012	19	1	65	263	0.2471483	
	2012	19	2	137	567	0.2416226	
	2012	20	1	10	44	0.2272727	
	2012	20	2	30	129	0.2325581	
	2013	5	1	0	24	0	
	2013	5	2	0	21	0	
	2013	6	1	3	29	0.1034483	
	2013	6	2	0	43	0	
	2013	7	1	1	49	0.02040816	
	2013	7	2	1	40	0.025	
	2013	8	1	4	105	0.03809524	
	2013	8	2	3	76	0.03947368	
	2013	9	1	5	174	0.02873563	
	2013	9	2	5	154	0.03246753	
	2013	10	1	16	355	0.04507042	
	2013	10	2	12	174	0.06896552	
	2013	11	1	23	460	0.05	
	2013	11	2	18	292	0.06164384	
	2013	12	1	19	660	0.02878788	
	2013	12	2	27	259	0.1042471	
	2013	13	1	40	828	0.04830918	
	2013	13	2	27	407	0.06633907	
	2013	14	1	49	994	0.04929577	
	2013	14	2	40	564	0.07092199	
	2013	15	1	78	1016	0.07677165	
	2013	15	2	72	777	0.09266409	
	2013	16	1	94	1151	0.08166811	
	2013	16	2	110	1100	0.1	
	2013	17	1	151	1139	0.1325724	
	2013	17	2	189	1331	0.1419985	
	2013	18	1	125	754	0.1657825	
	2013	18	2	228	1289	0.1768813	
	2013	19	1	69	273	0.2527473	
	2013	19	2	147	591	0.248731	
	2013	20	1	10	49	0.2040816	
	2013	20	2	33	129	0.255814	

