
	A.7.11.M OP nur an Koronargefässen bei HD Herzinfarkt (Alter >19), Mortalität // OP des vaisseaux coronaires uniquement, en cas de DP infarctus du myocarde (âge >19), mortalité // OP solo ai vasi coronarici in caso di DP infarto miocardico (età >19), mortalità
	BAG/OFSP/UFSP - CH-IQI Version V4.0 - Daten 2013 - 27. Juli 2015

	Jahr	AltEGrp	Sex	DeathCH	CasesCH	pCH	
	1998	9	1	0	2	0	
	1998	10	1	0	3	0	
	1998	11	1	0	7	0	
	1998	11	2	0	1	0	
	1998	12	1	0	5	0	
	1998	13	1	0	7	0	
	1998	13	2	0	1	0	
	1998	14	1	0	11	0	
	1998	15	1	0	8	0	
	1998	15	2	0	2	0	
	1998	16	1	0	1	0	
	1998	16	2	0	3	0	
	1998	17	1	1	3	0.3333333	
	1998	17	2	0	1	0	
	1998	18	1	0	1	0	
	1999	9	1	0	2	0	
	1999	10	1	0	7	0	
	1999	10	2	0	1	0	
	1999	11	1	0	9	0	
	1999	12	1	1	11	0.09090909	
	1999	12	2	0	1	0	
	1999	13	1	1	14	0.07142857	
	1999	13	2	0	1	0	
	1999	14	1	0	11	0	
	1999	14	2	0	2	0	
	1999	15	1	0	13	0	
	1999	15	2	0	6	0	
	1999	16	1	0	6	0	
	1999	16	2	0	3	0	
	2000	7	1	0	1	0	
	2000	8	1	0	1	0	
	2000	10	1	0	4	0	
	2000	11	1	0	12	0	
	2000	12	1	1	6	0.1666667	
	2000	12	2	0	1	0	
	2000	13	1	1	17	0.05882353	
	2000	13	2	0	1	0	
	2000	14	1	0	10	0	
	2000	14	2	0	3	0	
	2000	15	1	0	10	0	
	2000	15	2	0	5	0	
	2000	16	1	1	7	0.1428571	
	2000	16	2	1	2	0.5	
	2000	17	1	1	3	0.3333333	
	2000	18	2	1	1	1	
	2001	8	1	0	1	0	
	2001	9	1	0	2	0	
	2001	9	2	0	1	0	
	2001	10	1	0	5	0	
	2001	10	2	0	1	0	
	2001	11	1	1	9	0.1111111	
	2001	11	2	0	2	0	
	2001	12	1	1	21	0.04761905	
	2001	12	2	0	2	0	
	2001	13	1	1	16	0.0625	
	2001	13	2	1	3	0.3333333	
	2001	14	1	0	11	0	
	2001	14	2	0	7	0	
	2001	15	1	2	20	0.1	
	2001	15	2	0	7	0	
	2001	16	1	0	11	0	
	2001	16	2	0	3	0	
	2001	17	1	0	2	0	
	2001	17	2	0	2	0	
	2002	6	2	0	1	0	
	2002	9	1	1	7	0.1428571	
	2002	10	1	1	12	0.08333333	
	2002	10	2	0	1	0	
	2002	11	1	0	10	0	
	2002	11	2	0	4	0	
	2002	12	1	0	28	0	
	2002	13	1	1	23	0.04347826	
	2002	13	2	0	6	0	
	2002	14	1	1	23	0.04347826	
	2002	14	2	0	8	0	
	2002	15	1	2	24	0.08333333	
	2002	15	2	1	8	0.125	
	2002	16	1	0	16	0	
	2002	16	2	0	12	0	
	2002	17	1	2	6	0.3333333	
	2002	17	2	1	3	0.3333333	
	2002	18	2	0	1	0	
	2003	7	2	0	1	0	
	2003	9	1	0	5	0	
	2003	10	1	2	6	0.3333333	
	2003	10	2	0	1	0	
	2003	11	1	0	12	0	
	2003	11	2	0	1	0	
	2003	12	1	0	26	0	
	2003	12	2	0	4	0	
	2003	13	1	0	17	0	
	2003	13	2	0	3	0	
	2003	14	1	1	20	0.05	
	2003	14	2	1	3	0.3333333	
	2003	15	1	1	12	0.08333333	
	2003	15	2	0	9	0	
	2003	16	1	0	10	0	
	2003	16	2	1	8	0.125	
	2003	17	1	0	3	0	
	2003	17	2	0	6	0	
	2003	18	1	1	1	1	
	2004	7	1	0	1	0	
	2004	9	1	0	5	0	
	2004	10	1	0	7	0	
	2004	11	1	0	13	0	
	2004	12	1	0	17	0	
	2004	12	2	0	2	0	
	2004	13	1	0	19	0	
	2004	14	1	0	21	0	
	2004	14	2	1	7	0.1428571	
	2004	15	1	2	30	0.06666667	
	2004	15	2	1	5	0.2	
	2004	16	1	2	23	0.08695652	
	2004	16	2	3	9	0.3333333	
	2004	17	1	2	10	0.2	
	2004	17	2	0	6	0	
	2005	9	1	0	8	0	
	2005	9	2	0	1	0	
	2005	10	1	0	11	0	
	2005	10	2	0	1	0	
	2005	11	1	0	19	0	
	2005	11	2	0	1	0	
	2005	12	1	1	22	0.04545455	
	2005	12	2	0	3	0	
	2005	13	1	1	21	0.04761905	
	2005	13	2	0	9	0	
	2005	14	1	0	28	0	
	2005	14	2	1	4	0.25	
	2005	15	1	1	37	0.02702703	
	2005	15	2	0	10	0	
	2005	16	1	2	29	0.06896552	
	2005	16	2	3	12	0.25	
	2005	17	1	1	9	0.1111111	
	2005	17	2	1	2	0.5	
	2005	18	1	0	1	0	
	2005	18	2	0	2	0	
	2006	6	2	0	1	0	
	2006	8	1	0	2	0	
	2006	9	1	0	4	0	
	2006	10	1	0	17	0	
	2006	10	2	0	2	0	
	2006	11	1	1	18	0.05555556	
	2006	11	2	0	3	0	
	2006	12	1	1	29	0.03448276	
	2006	12	2	0	3	0	
	2006	13	1	1	42	0.02380952	
	2006	13	2	1	4	0.25	
	2006	14	1	2	31	0.06451613	
	2006	14	2	0	8	0	
	2006	15	1	1	55	0.01818182	
	2006	15	2	1	5	0.2	
	2006	16	1	2	28	0.07142857	
	2006	16	2	3	13	0.2307692	
	2006	17	1	0	13	0	
	2006	17	2	0	6	0	
	2007	5	2	0	1	0	
	2007	8	1	0	2	0	
	2007	9	1	0	9	0	
	2007	10	1	0	12	0	
	2007	10	2	0	1	0	
	2007	11	1	1	17	0.05882353	
	2007	12	1	0	16	0	
	2007	12	2	1	5	0.2	
	2007	13	1	0	25	0	
	2007	13	2	0	7	0	
	2007	14	1	2	32	0.0625	
	2007	14	2	1	5	0.2	
	2007	15	1	1	39	0.02564103	
	2007	15	2	0	11	0	
	2007	16	1	4	36	0.1111111	
	2007	16	2	2	11	0.1818182	
	2007	17	1	2	8	0.25	
	2007	17	2	1	5	0.2	
	2007	18	1	1	2	0.5	
	2008	9	1	0	7	0	
	2008	10	1	0	14	0	
	2008	11	1	2	22	0.09090909	
	2008	11	2	0	2	0	
	2008	12	1	1	30	0.03333333	
	2008	12	2	0	6	0	
	2008	13	1	0	55	0	
	2008	13	2	0	9	0	
	2008	14	1	3	42	0.07142857	
	2008	14	2	0	10	0	
	2008	15	1	1	33	0.03030303	
	2008	15	2	0	20	0	
	2008	16	1	0	41	0	
	2008	16	2	1	20	0.05	
	2008	17	1	1	16	0.0625	
	2008	17	2	0	9	0	
	2008	18	1	0	2	0	
	2008	18	2	0	1	0	
	2009	7	2	0	1	0	
	2009	8	1	0	5	0	
	2009	9	1	1	2	0.5	
	2009	10	1	1	16	0.0625	
	2009	10	2	0	5	0	
	2009	11	1	0	16	0	
	2009	11	2	0	3	0	
	2009	12	1	1	36	0.02777778	
	2009	12	2	0	6	0	
	2009	13	1	2	48	0.04166667	
	2009	13	2	1	5	0.2	
	2009	14	1	0	52	0	
	2009	14	2	0	13	0	
	2009	15	1	2	49	0.04081633	
	2009	15	2	0	11	0	
	2009	16	1	3	36	0.08333333	
	2009	16	2	1	13	0.07692308	
	2009	17	1	1	17	0.05882353	
	2009	17	2	4	9	0.4444444	
	2009	18	1	0	3	0	
	2009	18	2	0	2	0	
	2010	8	1	0	2	0	
	2010	9	1	0	7	0	
	2010	10	1	0	22	0	
	2010	10	2	0	1	0	
	2010	11	1	0	27	0	
	2010	11	2	0	4	0	
	2010	12	1	1	47	0.0212766	
	2010	12	2	0	4	0	
	2010	13	1	0	74	0	
	2010	13	2	2	14	0.1428571	
	2010	14	1	0	57	0	
	2010	14	2	0	15	0	
	2010	15	1	2	77	0.02597403	
	2010	15	2	3	19	0.1578947	
	2010	16	1	3	59	0.05084746	
	2010	16	2	0	28	0	
	2010	17	1	4	31	0.1290323	
	2010	17	2	2	17	0.1176471	
	2010	18	1	1	4	0.25	
	2011	8	1	0	2	0	
	2011	9	1	0	6	0	
	2011	9	2	0	1	0	
	2011	10	1	0	27	0	
	2011	10	2	0	2	0	
	2011	11	1	0	32	0	
	2011	11	2	0	3	0	
	2011	12	1	2	57	0.03508772	
	2011	12	2	1	6	0.1666667	
	2011	13	1	3	66	0.04545455	
	2011	13	2	1	11	0.09090909	
	2011	14	1	3	84	0.03571429	
	2011	14	2	1	14	0.07142857	
	2011	15	1	4	76	0.05263158	
	2011	15	2	1	20	0.05	
	2011	16	1	5	68	0.07352941	
	2011	16	2	1	18	0.05555556	
	2011	17	1	2	34	0.05882353	
	2011	17	2	3	18	0.1666667	
	2011	18	1	2	5	0.4	
	2011	18	2	1	2	0.5	
	2012	7	1	0	1	0	
	2012	7	2	0	1	0	
	2012	9	1	0	9	0	
	2012	10	1	0	19	0	
	2012	10	2	0	3	0	
	2012	11	1	0	39	0	
	2012	11	2	0	3	0	
	2012	12	1	0	49	0	
	2012	12	2	0	10	0	
	2012	13	1	3	65	0.04615385	
	2012	13	2	1	14	0.07142857	
	2012	14	1	4	96	0.04166667	
	2012	14	2	1	19	0.05263158	
	2012	15	1	1	76	0.01315789	
	2012	15	2	1	32	0.03125	
	2012	16	1	1	58	0.01724138	
	2012	16	2	2	25	0.08	
	2012	17	1	4	32	0.125	
	2012	17	2	1	15	0.06666667	
	2012	18	1	1	5	0.2	
	2013	7	1	0	1	0	
	2013	8	1	0	5	0	
	2013	8	2	0	1	0	
	2013	9	1	0	10	0	
	2013	10	1	3	26	0.1153846	
	2013	10	2	0	2	0	
	2013	11	1	0	40	0	
	2013	11	2	0	8	0	
	2013	12	1	1	58	0.01724138	
	2013	12	2	0	4	0	
	2013	13	1	1	67	0.01492537	
	2013	13	2	0	13	0	
	2013	14	1	2	76	0.02631579	
	2013	14	2	0	17	0	
	2013	15	1	3	81	0.03703704	
	2013	15	2	1	18	0.05555556	
	2013	16	1	1	57	0.01754386	
	2013	16	2	3	24	0.125	
	2013	17	1	8	35	0.2285714	
	2013	17	2	1	28	0.03571429	
	2013	18	1	1	5	0.2	
	2013	18	2	0	5	0	

