
	A.1.8.M HD Herzinfarkt (Alter >19), Zuverlegungen, Mortalität // DP infarctus du myocarde (âge >19), transféré d’un autre hôpital, mortalité // DP infarto miocardico (età >19), trasferito da un altro ospedale, mortalità
	BAG/OFSP/UFSP - CH-IQI Version V4.0 - Daten 2013 - 27. Juli 2015

	Jahr	AltEGrp	Sex	DeathCH	CasesCH	pCH	
	1998	5	1	0	1	0	
	1998	6	1	0	1	0	
	1998	7	1	0	6	0	
	1998	7	2	0	2	0	
	1998	8	1	0	17	0	
	1998	8	2	0	1	0	
	1998	9	1	0	18	0	
	1998	9	2	0	5	0	
	1998	10	1	3	42	0.07142857	
	1998	10	2	0	9	0	
	1998	11	1	1	52	0.01923077	
	1998	11	2	0	10	0	
	1998	12	1	3	41	0.07317073	
	1998	12	2	1	7	0.1428571	
	1998	13	1	4	41	0.09756098	
	1998	13	2	1	15	0.06666667	
	1998	14	1	3	40	0.075	
	1998	14	2	1	23	0.04347826	
	1998	15	1	5	48	0.1041667	
	1998	15	2	4	23	0.173913	
	1998	16	1	2	27	0.07407407	
	1998	16	2	4	22	0.1818182	
	1998	17	1	1	6	0.1666667	
	1998	17	2	2	18	0.1111111	
	1998	18	1	1	9	0.1111111	
	1998	18	2	1	9	0.1111111	
	1998	19	1	0	1	0	
	1998	19	2	2	4	0.5	
	1999	6	1	0	3	0	
	1999	7	1	0	2	0	
	1999	7	2	0	2	0	
	1999	8	1	0	19	0	
	1999	8	2	0	2	0	
	1999	9	1	0	27	0	
	1999	9	2	0	15	0	
	1999	10	1	0	55	0	
	1999	10	2	1	11	0.09090909	
	1999	11	1	1	82	0.01219512	
	1999	11	2	0	13	0	
	1999	12	1	2	75	0.02666667	
	1999	12	2	0	12	0	
	1999	13	1	3	80	0.0375	
	1999	13	2	1	24	0.04166667	
	1999	14	1	0	61	0	
	1999	14	2	1	18	0.05555556	
	1999	15	1	2	77	0.02597403	
	1999	15	2	2	36	0.05555556	
	1999	16	1	4	56	0.07142857	
	1999	16	2	2	41	0.04878049	
	1999	17	1	1	26	0.03846154	
	1999	17	2	4	26	0.1538462	
	1999	18	1	4	13	0.3076923	
	1999	18	2	3	19	0.1578947	
	1999	19	1	0	1	0	
	1999	19	2	2	5	0.4	
	2000	6	1	0	1	0	
	2000	7	1	0	10	0	
	2000	8	1	0	20	0	
	2000	8	2	0	3	0	
	2000	9	1	1	32	0.03125	
	2000	9	2	0	6	0	
	2000	10	1	0	51	0	
	2000	10	2	0	6	0	
	2000	11	1	0	69	0	
	2000	11	2	1	12	0.08333333	
	2000	12	1	3	86	0.03488372	
	2000	12	2	0	19	0	
	2000	13	1	0	84	0	
	2000	13	2	4	23	0.173913	
	2000	14	1	3	87	0.03448276	
	2000	14	2	2	28	0.07142857	
	2000	15	1	5	80	0.0625	
	2000	15	2	2	56	0.03571429	
	2000	16	1	5	61	0.08196721	
	2000	16	2	12	48	0.25	
	2000	17	1	7	35	0.2	
	2000	17	2	1	15	0.06666667	
	2000	18	1	4	14	0.2857143	
	2000	18	2	2	15	0.1333333	
	2000	19	1	1	3	0.3333333	
	2000	19	2	0	3	0	
	2000	20	1	1	1	1	
	2001	5	1	0	1	0	
	2001	6	1	0	4	0	
	2001	7	1	0	7	0	
	2001	7	2	0	2	0	
	2001	8	1	0	27	0	
	2001	8	2	0	8	0	
	2001	9	1	1	55	0.01818182	
	2001	9	2	0	7	0	
	2001	10	1	0	74	0	
	2001	10	2	0	15	0	
	2001	11	1	2	112	0.01785714	
	2001	11	2	0	16	0	
	2001	12	1	1	130	0.007692308	
	2001	12	2	0	14	0	
	2001	13	1	4	118	0.03389831	
	2001	13	2	0	32	0	
	2001	14	1	1	132	0.007575758	
	2001	14	2	0	41	0	
	2001	15	1	8	85	0.09411765	
	2001	15	2	4	52	0.07692308	
	2001	16	1	6	73	0.08219178	
	2001	16	2	5	64	0.078125	
	2001	17	1	6	31	0.1935484	
	2001	17	2	3	31	0.09677419	
	2001	18	1	8	22	0.3636364	
	2001	18	2	2	15	0.1333333	
	2001	19	1	2	3	0.6666667	
	2001	19	2	0	6	0	
	2001	20	1	0	1	0	
	2001	20	2	0	1	0	
	2002	5	1	0	2	0	
	2002	6	1	0	1	0	
	2002	6	2	0	3	0	
	2002	7	1	0	6	0	
	2002	7	2	0	2	0	
	2002	8	1	0	28	0	
	2002	8	2	0	6	0	
	2002	9	1	1	73	0.01369863	
	2002	9	2	0	10	0	
	2002	10	1	1	125	0.008	
	2002	10	2	1	15	0.06666667	
	2002	11	1	2	140	0.01428571	
	2002	11	2	1	13	0.07692308	
	2002	12	1	0	138	0	
	2002	12	2	0	37	0	
	2002	13	1	4	137	0.02919708	
	2002	13	2	1	45	0.02222222	
	2002	14	1	4	150	0.02666667	
	2002	14	2	0	48	0	
	2002	15	1	4	122	0.03278689	
	2002	15	2	0	52	0	
	2002	16	1	11	96	0.1145833	
	2002	16	2	4	59	0.06779661	
	2002	17	1	1	33	0.03030303	
	2002	17	2	3	35	0.08571429	
	2002	18	1	3	14	0.2142857	
	2002	18	2	5	26	0.1923077	
	2002	19	1	0	6	0	
	2002	19	2	2	5	0.4	
	2002	20	1	1	1	1	
	2002	20	2	1	1	1	
	2003	5	2	0	1	0	
	2003	6	1	0	1	0	
	2003	6	2	0	2	0	
	2003	7	1	0	22	0	
	2003	7	2	0	3	0	
	2003	8	1	0	36	0	
	2003	8	2	0	6	0	
	2003	9	1	0	70	0	
	2003	9	2	0	8	0	
	2003	10	1	4	103	0.03883495	
	2003	10	2	1	12	0.08333333	
	2003	11	1	0	137	0	
	2003	11	2	0	30	0	
	2003	12	1	4	171	0.02339181	
	2003	12	2	1	41	0.02439024	
	2003	13	1	4	149	0.02684564	
	2003	13	2	1	39	0.02564103	
	2003	14	1	3	138	0.02173913	
	2003	14	2	1	43	0.02325581	
	2003	15	1	2	152	0.01315789	
	2003	15	2	2	63	0.03174603	
	2003	16	1	10	99	0.1010101	
	2003	16	2	9	79	0.1139241	
	2003	17	1	5	52	0.09615385	
	2003	17	2	5	57	0.0877193	
	2003	18	1	3	15	0.2	
	2003	18	2	3	21	0.1428571	
	2003	19	1	1	3	0.3333333	
	2003	19	2	2	6	0.3333333	
	2003	20	1	0	3	0	
	2003	20	2	0	2	0	
	2004	6	1	0	1	0	
	2004	6	2	0	2	0	
	2004	7	1	0	16	0	
	2004	7	2	0	2	0	
	2004	8	1	0	23	0	
	2004	8	2	0	9	0	
	2004	9	1	0	85	0	
	2004	9	2	0	11	0	
	2004	10	1	2	140	0.01428571	
	2004	10	2	1	19	0.05263158	
	2004	11	1	3	158	0.01898734	
	2004	11	2	0	21	0	
	2004	12	1	0	214	0	
	2004	12	2	2	53	0.03773585	
	2004	13	1	6	163	0.03680982	
	2004	13	2	1	59	0.01694915	
	2004	14	1	3	171	0.01754386	
	2004	14	2	3	43	0.06976744	
	2004	15	1	7	160	0.04375	
	2004	15	2	6	77	0.07792208	
	2004	16	1	9	135	0.06666667	
	2004	16	2	10	86	0.1162791	
	2004	17	1	7	74	0.09459459	
	2004	17	2	3	70	0.04285714	
	2004	18	1	2	16	0.125	
	2004	18	2	10	23	0.4347826	
	2004	19	1	0	3	0	
	2004	19	2	1	8	0.125	
	2004	20	2	1	1	1	
	2005	6	1	0	3	0	
	2005	6	2	0	2	0	
	2005	7	1	0	5	0	
	2005	7	2	0	3	0	
	2005	8	1	0	32	0	
	2005	8	2	0	8	0	
	2005	9	1	0	95	0	
	2005	9	2	0	7	0	
	2005	10	1	0	131	0	
	2005	10	2	1	21	0.04761905	
	2005	11	1	6	178	0.03370787	
	2005	11	2	0	27	0	
	2005	12	1	1	215	0.004651163	
	2005	12	2	2	58	0.03448276	
	2005	13	1	7	192	0.03645833	
	2005	13	2	2	58	0.03448276	
	2005	14	1	9	204	0.04411765	
	2005	14	2	2	64	0.03125	
	2005	15	1	5	198	0.02525253	
	2005	15	2	4	104	0.03846154	
	2005	16	1	8	155	0.0516129	
	2005	16	2	7	101	0.06930693	
	2005	17	1	7	110	0.06363636	
	2005	17	2	8	61	0.1311475	
	2005	18	1	4	22	0.1818182	
	2005	18	2	6	25	0.24	
	2005	19	1	0	5	0	
	2005	19	2	1	11	0.09090909	
	2005	20	1	0	1	0	
	2005	20	2	0	2	0	
	2006	5	1	0	1	0	
	2006	6	1	0	4	0	
	2006	6	2	0	2	0	
	2006	7	1	1	6	0.1666667	
	2006	8	1	1	47	0.0212766	
	2006	8	2	0	1	0	
	2006	9	1	1	113	0.008849558	
	2006	9	2	0	10	0	
	2006	10	1	0	176	0	
	2006	10	2	0	38	0	
	2006	11	1	2	269	0.007434944	
	2006	11	2	0	50	0	
	2006	12	1	5	289	0.01730104	
	2006	12	2	2	67	0.02985075	
	2006	13	1	3	283	0.01060071	
	2006	13	2	3	73	0.04109589	
	2006	14	1	8	256	0.03125	
	2006	14	2	1	76	0.01315789	
	2006	15	1	13	257	0.05058366	
	2006	15	2	5	115	0.04347826	
	2006	16	1	10	236	0.04237288	
	2006	16	2	9	149	0.06040268	
	2006	17	1	9	119	0.07563025	
	2006	17	2	7	106	0.06603774	
	2006	18	1	2	26	0.07692308	
	2006	18	2	2	34	0.05882353	
	2006	19	1	1	3	0.3333333	
	2006	19	2	0	9	0	
	2006	20	1	1	1	1	
	2006	20	2	0	1	0	
	2007	5	1	0	1	0	
	2007	5	2	1	1	1	
	2007	6	1	0	3	0	
	2007	6	2	0	2	0	
	2007	7	1	0	13	0	
	2007	7	2	0	2	0	
	2007	8	1	0	32	0	
	2007	8	2	0	5	0	
	2007	9	1	0	97	0	
	2007	9	2	1	21	0.04761905	
	2007	10	1	1	182	0.005494505	
	2007	10	2	0	31	0	
	2007	11	1	5	259	0.01930502	
	2007	11	2	0	45	0	
	2007	12	1	4	286	0.01398601	
	2007	12	2	1	71	0.01408451	
	2007	13	1	5	289	0.01730104	
	2007	13	2	4	91	0.04395604	
	2007	14	1	5	252	0.01984127	
	2007	14	2	3	70	0.04285714	
	2007	15	1	14	236	0.05932203	
	2007	15	2	2	116	0.01724138	
	2007	16	1	6	211	0.02843602	
	2007	16	2	7	126	0.05555556	
	2007	17	1	10	153	0.06535948	
	2007	17	2	13	107	0.1214953	
	2007	18	1	5	33	0.1515152	
	2007	18	2	3	43	0.06976744	
	2007	19	1	2	10	0.2	
	2007	19	2	1	12	0.08333333	
	2007	20	1	0	1	0	
	2007	20	2	0	1	0	
	2008	6	1	0	2	0	
	2008	6	2	0	2	0	
	2008	7	1	0	8	0	
	2008	7	2	0	1	0	
	2008	8	1	0	35	0	
	2008	8	2	0	8	0	
	2008	9	1	3	130	0.02307692	
	2008	9	2	1	18	0.05555556	
	2008	10	1	2	213	0.009389671	
	2008	10	2	1	33	0.03030303	
	2008	11	1	5	267	0.01872659	
	2008	11	2	4	53	0.0754717	
	2008	12	1	4	273	0.01465201	
	2008	12	2	3	64	0.046875	
	2008	13	1	6	340	0.01764706	
	2008	13	2	0	87	0	
	2008	14	1	7	262	0.02671756	
	2008	14	2	3	93	0.03225806	
	2008	15	1	10	258	0.03875969	
	2008	15	2	3	139	0.02158273	
	2008	16	1	13	237	0.05485232	
	2008	16	2	10	168	0.05952381	
	2008	17	1	9	141	0.06382979	
	2008	17	2	13	147	0.08843537	
	2008	18	1	10	60	0.1666667	
	2008	18	2	7	61	0.1147541	
	2008	19	1	3	7	0.4285714	
	2008	19	2	4	10	0.4	
	2008	20	1	0	1	0	
	2008	20	2	1	1	1	
	2009	5	1	0	1	0	
	2009	6	1	0	3	0	
	2009	7	1	0	9	0	
	2009	7	2	0	5	0	
	2009	8	1	0	53	0	
	2009	8	2	0	10	0	
	2009	9	1	1	108	0.009259259	
	2009	9	2	0	15	0	
	2009	10	1	1	228	0.004385965	
	2009	10	2	0	42	0	
	2009	11	1	4	320	0.0125	
	2009	11	2	0	60	0	
	2009	12	1	6	333	0.01801802	
	2009	12	2	1	69	0.01449275	
	2009	13	1	8	376	0.0212766	
	2009	13	2	4	85	0.04705882	
	2009	14	1	6	336	0.01785714	
	2009	14	2	3	117	0.02564103	
	2009	15	1	5	296	0.01689189	
	2009	15	2	6	137	0.04379562	
	2009	16	1	15	266	0.05639098	
	2009	16	2	7	166	0.04216867	
	2009	17	1	12	175	0.06857143	
	2009	17	2	10	133	0.07518797	
	2009	18	1	8	68	0.1176471	
	2009	18	2	8	65	0.1230769	
	2009	19	1	0	7	0	
	2009	19	2	1	8	0.125	
	2010	5	1	0	2	0	
	2010	6	1	0	6	0	
	2010	7	1	1	16	0.0625	
	2010	7	2	0	6	0	
	2010	8	1	0	46	0	
	2010	8	2	0	5	0	
	2010	9	1	3	129	0.02325581	
	2010	9	2	0	19	0	
	2010	10	1	2	246	0.008130081	
	2010	10	2	1	39	0.02564103	
	2010	11	1	3	389	0.007712082	
	2010	11	2	0	69	0	
	2010	12	1	9	422	0.02132701	
	2010	12	2	1	74	0.01351351	
	2010	13	1	2	469	0.004264392	
	2010	13	2	2	128	0.015625	
	2010	14	1	8	390	0.02051282	
	2010	14	2	2	135	0.01481481	
	2010	15	1	16	342	0.04678363	
	2010	15	2	4	184	0.02173913	
	2010	16	1	16	341	0.04692082	
	2010	16	2	7	247	0.02834008	
	2010	17	1	13	228	0.05701754	
	2010	17	2	13	208	0.0625	
	2010	18	1	13	124	0.1048387	
	2010	18	2	12	132	0.09090909	
	2010	19	1	2	23	0.08695652	
	2010	19	2	5	42	0.1190476	
	2010	20	1	1	3	0.3333333	
	2010	20	2	1	8	0.125	
	2011	5	1	0	1	0	
	2011	6	1	0	1	0	
	2011	6	2	0	1	0	
	2011	7	1	1	11	0.09090909	
	2011	7	2	0	8	0	
	2011	8	1	1	43	0.02325581	
	2011	8	2	0	10	0	
	2011	9	1	0	150	0	
	2011	9	2	0	24	0	
	2011	10	1	3	257	0.01167315	
	2011	10	2	1	53	0.01886792	
	2011	11	1	2	366	0.005464481	
	2011	11	2	0	60	0	
	2011	12	1	2	388	0.005154639	
	2011	12	2	1	99	0.01010101	
	2011	13	1	8	409	0.0195599	
	2011	13	2	0	105	0	
	2011	14	1	8	451	0.01773836	
	2011	14	2	3	145	0.02068966	
	2011	15	1	17	357	0.04761905	
	2011	15	2	3	164	0.01829268	
	2011	16	1	19	391	0.04859335	
	2011	16	2	6	235	0.02553191	
	2011	17	1	19	272	0.06985294	
	2011	17	2	13	227	0.05726872	
	2011	18	1	11	122	0.09016393	
	2011	18	2	8	140	0.05714286	
	2011	19	1	3	28	0.1071429	
	2011	19	2	4	46	0.08695652	
	2011	20	1	0	2	0	
	2011	20	2	0	9	0	
	2012	5	1	0	2	0	
	2012	5	2	0	1	0	
	2012	6	1	0	2	0	
	2012	7	1	0	22	0	
	2012	7	2	0	2	0	
	2012	8	1	1	34	0.02941176	
	2012	8	2	0	6	0	
	2012	9	1	0	114	0	
	2012	9	2	2	24	0.08333333	
	2012	10	1	3	261	0.01149425	
	2012	10	2	0	45	0	
	2012	11	1	2	348	0.005747126	
	2012	11	2	1	67	0.01492537	
	2012	12	1	6	365	0.01643836	
	2012	12	2	0	71	0	
	2012	13	1	14	444	0.03153153	
	2012	13	2	3	113	0.02654867	
	2012	14	1	15	413	0.03631961	
	2012	14	2	1	124	0.008064516	
	2012	15	1	17	368	0.04619565	
	2012	15	2	4	175	0.02285714	
	2012	16	1	9	326	0.02760736	
	2012	16	2	16	203	0.07881773	
	2012	17	1	18	279	0.06451613	
	2012	17	2	10	203	0.04926108	
	2012	18	1	10	123	0.08130081	
	2012	18	2	11	117	0.09401709	
	2012	19	1	1	20	0.05	
	2012	19	2	7	49	0.1428571	
	2012	20	1	0	1	0	
	2012	20	2	1	4	0.25	
	2013	5	2	0	2	0	
	2013	6	1	0	5	0	
	2013	6	2	0	1	0	
	2013	7	1	0	17	0	
	2013	8	1	0	34	0	
	2013	8	2	0	8	0	
	2013	9	1	0	100	0	
	2013	9	2	0	18	0	
	2013	10	1	2	235	0.008510638	
	2013	10	2	1	36	0.02777778	
	2013	11	1	1	326	0.003067485	
	2013	11	2	1	60	0.01666667	
	2013	12	1	9	368	0.02445652	
	2013	12	2	4	78	0.05128205	
	2013	13	1	10	390	0.02564103	
	2013	13	2	3	119	0.02521008	
	2013	14	1	10	384	0.02604167	
	2013	14	2	2	122	0.01639344	
	2013	15	1	19	367	0.05177112	
	2013	15	2	3	155	0.01935484	
	2013	16	1	18	338	0.05325444	
	2013	16	2	11	194	0.05670103	
	2013	17	1	26	236	0.1101695	
	2013	17	2	14	190	0.07368421	
	2013	18	1	14	120	0.1166667	
	2013	18	2	7	124	0.05645161	
	2013	19	1	2	21	0.0952381	
	2013	19	2	2	41	0.04878049	
	2013	20	1	0	2	0	
	2013	20	2	2	10	0.2	

