
	D.4.5.M Pleurektomie, Mortalität // Pleurectomie, mortalité // Pleurectomia, mortalità
	BAG/OFSP/UFSP - CH-IQI Version V4.0 - Daten 2013 - 27. Juli 2015

	Jahr	AltEGrp	Sex	DeathCH	CasesCH	pCH	
	1998	1	1	0	3	0	
	1998	1	2	0	1	0	
	1998	2	1	0	1	0	
	1998	3	1	0	1	0	
	1998	4	1	0	8	0	
	1998	5	1	0	9	0	
	1998	5	2	0	5	0	
	1998	6	1	0	7	0	
	1998	6	2	0	2	0	
	1998	7	1	0	11	0	
	1998	7	2	0	3	0	
	1998	8	1	0	7	0	
	1998	8	2	0	3	0	
	1998	9	1	0	7	0	
	1998	9	2	0	4	0	
	1998	10	1	0	6	0	
	1998	10	2	0	3	0	
	1998	11	1	0	10	0	
	1998	11	2	0	7	0	
	1998	12	1	2	14	0.1428571	
	1998	12	2	0	3	0	
	1998	13	1	0	17	0	
	1998	13	2	0	2	0	
	1998	14	1	2	15	0.1333333	
	1998	14	2	0	3	0	
	1998	15	1	0	9	0	
	1998	15	2	1	8	0.125	
	1998	16	1	0	7	0	
	1998	16	2	1	7	0.1428571	
	1998	17	1	0	4	0	
	1998	17	2	0	1	0	
	1998	18	2	2	3	0.6666667	
	1999	1	2	0	1	0	
	1999	2	1	0	1	0	
	1999	2	2	0	1	0	
	1999	3	2	0	1	0	
	1999	4	1	0	11	0	
	1999	4	2	0	3	0	
	1999	5	1	0	30	0	
	1999	5	2	0	5	0	
	1999	6	1	0	14	0	
	1999	6	2	0	3	0	
	1999	7	1	1	17	0.05882353	
	1999	7	2	0	7	0	
	1999	8	1	0	12	0	
	1999	8	2	0	8	0	
	1999	9	1	0	7	0	
	1999	9	2	0	7	0	
	1999	10	1	0	10	0	
	1999	10	2	1	6	0.1666667	
	1999	11	1	0	9	0	
	1999	11	2	0	2	0	
	1999	12	1	0	19	0	
	1999	12	2	0	7	0	
	1999	13	1	2	19	0.1052632	
	1999	13	2	0	4	0	
	1999	14	1	0	15	0	
	1999	14	2	0	6	0	
	1999	15	1	3	22	0.1363636	
	1999	15	2	0	2	0	
	1999	16	1	1	13	0.07692308	
	1999	16	2	0	6	0	
	1999	17	1	0	6	0	
	1999	17	2	0	3	0	
	1999	19	2	1	1	1	
	2000	1	1	0	1	0	
	2000	1	2	1	1	1	
	2000	3	1	0	1	0	
	2000	3	2	0	2	0	
	2000	4	1	0	14	0	
	2000	4	2	0	1	0	
	2000	5	1	0	21	0	
	2000	5	2	0	6	0	
	2000	6	1	0	17	0	
	2000	6	2	0	2	0	
	2000	7	1	0	15	0	
	2000	7	2	0	6	0	
	2000	8	1	0	17	0	
	2000	8	2	0	6	0	
	2000	9	1	0	10	0	
	2000	9	2	0	7	0	
	2000	10	1	0	17	0	
	2000	10	2	1	8	0.125	
	2000	11	1	0	18	0	
	2000	11	2	0	7	0	
	2000	12	1	2	28	0.07142857	
	2000	12	2	0	6	0	
	2000	13	1	3	19	0.1578947	
	2000	13	2	1	4	0.25	
	2000	14	1	1	18	0.05555556	
	2000	14	2	1	8	0.125	
	2000	15	1	4	17	0.2352941	
	2000	15	2	1	11	0.09090909	
	2000	16	1	0	12	0	
	2000	16	2	0	3	0	
	2000	17	1	1	5	0.2	
	2000	17	2	0	5	0	
	2000	18	1	2	3	0.6666667	
	2000	19	1	0	2	0	
	2001	1	2	0	2	0	
	2001	2	1	0	1	0	
	2001	4	1	0	15	0	
	2001	4	2	0	6	0	
	2001	5	1	0	16	0	
	2001	5	2	0	8	0	
	2001	6	1	0	23	0	
	2001	6	2	1	3	0.3333333	
	2001	7	1	0	14	0	
	2001	7	2	0	2	0	
	2001	8	1	0	20	0	
	2001	8	2	0	7	0	
	2001	9	1	1	16	0.0625	
	2001	9	2	0	16	0	
	2001	10	1	1	15	0.06666667	
	2001	10	2	0	12	0	
	2001	11	1	1	30	0.03333333	
	2001	11	2	1	8	0.125	
	2001	12	1	1	26	0.03846154	
	2001	12	2	1	9	0.1111111	
	2001	13	1	2	25	0.08	
	2001	13	2	0	7	0	
	2001	14	1	0	20	0	
	2001	14	2	2	12	0.1666667	
	2001	15	1	3	18	0.1666667	
	2001	15	2	1	5	0.2	
	2001	16	1	2	15	0.1333333	
	2001	16	2	1	9	0.1111111	
	2001	17	1	0	7	0	
	2001	17	2	3	6	0.5	
	2001	18	1	0	2	0	
	2001	18	2	0	2	0	
	2001	19	2	0	1	0	
	2002	1	1	0	2	0	
	2002	1	2	0	2	0	
	2002	3	1	0	1	0	
	2002	4	1	0	24	0	
	2002	4	2	0	5	0	
	2002	5	1	0	36	0	
	2002	5	2	0	10	0	
	2002	6	1	0	21	0	
	2002	6	2	0	4	0	
	2002	7	1	1	14	0.07142857	
	2002	7	2	0	13	0	
	2002	8	1	0	18	0	
	2002	8	2	0	13	0	
	2002	9	1	0	20	0	
	2002	9	2	2	11	0.1818182	
	2002	10	1	1	16	0.0625	
	2002	10	2	0	3	0	
	2002	11	1	0	23	0	
	2002	11	2	1	9	0.1111111	
	2002	12	1	0	24	0	
	2002	12	2	0	11	0	
	2002	13	1	0	26	0	
	2002	13	2	2	16	0.125	
	2002	14	1	2	17	0.1176471	
	2002	14	2	0	10	0	
	2002	15	1	2	33	0.06060606	
	2002	15	2	0	11	0	
	2002	16	1	1	22	0.04545455	
	2002	16	2	0	10	0	
	2002	17	1	2	9	0.2222222	
	2002	17	2	0	6	0	
	2002	18	1	0	1	0	
	2002	18	2	1	1	1	
	2002	19	1	0	2	0	
	2003	1	2	0	1	0	
	2003	2	1	0	2	0	
	2003	2	2	0	1	0	
	2003	3	1	0	2	0	
	2003	4	1	0	24	0	
	2003	4	2	0	7	0	
	2003	5	1	0	19	0	
	2003	5	2	0	9	0	
	2003	6	1	0	20	0	
	2003	6	2	0	6	0	
	2003	7	1	0	24	0	
	2003	7	2	0	4	0	
	2003	8	1	0	23	0	
	2003	8	2	0	9	0	
	2003	9	1	0	16	0	
	2003	9	2	0	10	0	
	2003	10	1	0	16	0	
	2003	10	2	1	10	0.1	
	2003	11	1	0	23	0	
	2003	11	2	0	7	0	
	2003	12	1	1	37	0.02702703	
	2003	12	2	1	6	0.1666667	
	2003	13	1	4	32	0.125	
	2003	13	2	1	11	0.09090909	
	2003	14	1	0	29	0	
	2003	14	2	0	9	0	
	2003	15	1	5	38	0.1315789	
	2003	15	2	2	10	0.2	
	2003	16	1	3	16	0.1875	
	2003	16	2	1	10	0.1	
	2003	17	1	3	8	0.375	
	2003	17	2	0	8	0	
	2003	18	1	1	3	0.3333333	
	2003	18	2	0	2	0	
	2003	19	2	0	1	0	
	2004	1	1	0	2	0	
	2004	1	2	0	3	0	
	2004	4	1	0	31	0	
	2004	4	2	0	5	0	
	2004	5	1	0	37	0	
	2004	5	2	0	5	0	
	2004	6	1	0	17	0	
	2004	6	2	0	9	0	
	2004	7	1	0	18	0	
	2004	7	2	0	8	0	
	2004	8	1	0	20	0	
	2004	8	2	0	10	0	
	2004	9	1	0	14	0	
	2004	9	2	0	13	0	
	2004	10	1	1	14	0.07142857	
	2004	10	2	1	14	0.07142857	
	2004	11	1	1	26	0.03846154	
	2004	11	2	1	8	0.125	
	2004	12	1	2	31	0.06451613	
	2004	12	2	1	15	0.06666667	
	2004	13	1	1	30	0.03333333	
	2004	13	2	1	14	0.07142857	
	2004	14	1	1	31	0.03225806	
	2004	14	2	0	11	0	
	2004	15	1	5	32	0.15625	
	2004	15	2	2	13	0.1538462	
	2004	16	1	3	18	0.1666667	
	2004	16	2	1	12	0.08333333	
	2004	17	1	3	16	0.1875	
	2004	17	2	0	9	0	
	2004	18	1	0	5	0	
	2004	18	2	0	3	0	
	2004	20	1	0	1	0	
	2005	1	2	0	1	0	
	2005	2	1	0	1	0	
	2005	2	2	0	2	0	
	2005	3	1	0	2	0	
	2005	4	1	0	19	0	
	2005	4	2	0	5	0	
	2005	5	1	0	32	0	
	2005	5	2	0	3	0	
	2005	6	1	0	18	0	
	2005	6	2	0	5	0	
	2005	7	1	0	27	0	
	2005	7	2	0	9	0	
	2005	8	1	2	18	0.1111111	
	2005	8	2	0	20	0	
	2005	9	1	0	19	0	
	2005	9	2	1	17	0.05882353	
	2005	10	1	1	26	0.03846154	
	2005	10	2	0	11	0	
	2005	11	1	1	23	0.04347826	
	2005	11	2	0	21	0	
	2005	12	1	1	25	0.04	
	2005	12	2	0	12	0	
	2005	13	1	2	37	0.05405405	
	2005	13	2	1	20	0.05	
	2005	14	1	4	36	0.1111111	
	2005	14	2	0	5	0	
	2005	15	1	2	25	0.08	
	2005	15	2	1	12	0.08333333	
	2005	16	1	0	17	0	
	2005	16	2	2	14	0.1428571	
	2005	17	1	3	12	0.25	
	2005	17	2	0	5	0	
	2005	18	1	0	2	0	
	2005	18	2	0	1	0	
	2005	19	1	1	1	1	
	2005	19	2	0	2	0	
	2006	1	1	0	3	0	
	2006	1	2	0	1	0	
	2006	2	1	0	3	0	
	2006	3	1	0	6	0	
	2006	3	2	0	3	0	
	2006	4	1	0	24	0	
	2006	4	2	0	5	0	
	2006	5	1	0	39	0	
	2006	5	2	0	10	0	
	2006	6	1	0	17	0	
	2006	6	2	1	9	0.1111111	
	2006	7	1	0	18	0	
	2006	7	2	0	11	0	
	2006	8	1	0	18	0	
	2006	8	2	0	8	0	
	2006	9	1	2	22	0.09090909	
	2006	9	2	0	9	0	
	2006	10	1	1	24	0.04166667	
	2006	10	2	1	15	0.06666667	
	2006	11	1	1	32	0.03125	
	2006	11	2	0	15	0	
	2006	12	1	2	32	0.0625	
	2006	12	2	0	9	0	
	2006	13	1	2	48	0.04166667	
	2006	13	2	1	22	0.04545455	
	2006	14	1	0	32	0	
	2006	14	2	1	19	0.05263158	
	2006	15	1	2	31	0.06451613	
	2006	15	2	1	15	0.06666667	
	2006	16	1	2	28	0.07142857	
	2006	16	2	2	8	0.25	
	2006	17	1	0	6	0	
	2006	17	2	1	9	0.1111111	
	2006	18	1	0	3	0	
	2006	18	2	0	1	0	
	2006	19	1	0	2	0	
	2006	19	2	1	1	1	
	2006	20	2	0	1	0	
	2007	1	1	0	2	0	
	2007	1	2	0	2	0	
	2007	2	2	0	1	0	
	2007	3	2	0	1	0	
	2007	4	1	0	30	0	
	2007	4	2	0	8	0	
	2007	5	1	1	38	0.02631579	
	2007	5	2	0	9	0	
	2007	6	1	0	24	0	
	2007	6	2	0	11	0	
	2007	7	1	2	24	0.08333333	
	2007	7	2	1	13	0.07692308	
	2007	8	1	0	27	0	
	2007	8	2	0	12	0	
	2007	9	1	0	24	0	
	2007	9	2	0	10	0	
	2007	10	1	0	29	0	
	2007	10	2	0	11	0	
	2007	11	1	1	29	0.03448276	
	2007	11	2	0	18	0	
	2007	12	1	3	28	0.1071429	
	2007	12	2	1	20	0.05	
	2007	13	1	1	37	0.02702703	
	2007	13	2	1	26	0.03846154	
	2007	14	1	4	42	0.0952381	
	2007	14	2	0	13	0	
	2007	15	1	5	43	0.1162791	
	2007	15	2	3	17	0.1764706	
	2007	16	1	1	27	0.03703704	
	2007	16	2	3	14	0.2142857	
	2007	17	1	5	19	0.2631579	
	2007	17	2	2	7	0.2857143	
	2007	18	1	2	11	0.1818182	
	2007	18	2	2	6	0.3333333	
	2007	19	1	0	2	0	
	2008	1	1	1	7	0.1428571	
	2008	1	2	0	5	0	
	2008	2	1	0	4	0	
	2008	2	2	0	1	0	
	2008	3	1	0	1	0	
	2008	3	2	0	1	0	
	2008	4	1	0	25	0	
	2008	4	2	0	6	0	
	2008	5	1	0	27	0	
	2008	5	2	0	10	0	
	2008	6	1	0	18	0	
	2008	6	2	0	6	0	
	2008	7	1	0	21	0	
	2008	7	2	0	14	0	
	2008	8	1	0	16	0	
	2008	8	2	0	7	0	
	2008	9	1	0	16	0	
	2008	9	2	0	24	0	
	2008	10	1	2	31	0.06451613	
	2008	10	2	1	14	0.07142857	
	2008	11	1	0	32	0	
	2008	11	2	1	18	0.05555556	
	2008	12	1	1	42	0.02380952	
	2008	12	2	1	28	0.03571429	
	2008	13	1	6	60	0.1	
	2008	13	2	0	25	0	
	2008	14	1	4	46	0.08695652	
	2008	14	2	1	25	0.04	
	2008	15	1	8	45	0.1777778	
	2008	15	2	4	23	0.173913	
	2008	16	1	3	49	0.06122449	
	2008	16	2	2	20	0.1	
	2008	17	1	2	43	0.04651163	
	2008	17	2	3	19	0.1578947	
	2008	18	1	3	7	0.4285714	
	2008	18	2	1	8	0.125	
	2008	19	1	0	1	0	
	2009	1	1	0	2	0	
	2009	1	2	0	7	0	
	2009	2	2	0	3	0	
	2009	3	2	0	1	0	
	2009	4	1	0	24	0	
	2009	4	2	0	1	0	
	2009	5	1	0	24	0	
	2009	5	2	0	10	0	
	2009	6	1	0	29	0	
	2009	6	2	0	14	0	
	2009	7	1	0	20	0	
	2009	7	2	0	11	0	
	2009	8	1	0	15	0	
	2009	8	2	0	10	0	
	2009	9	1	0	21	0	
	2009	9	2	0	19	0	
	2009	10	1	0	27	0	
	2009	10	2	0	16	0	
	2009	11	1	3	37	0.08108108	
	2009	11	2	1	16	0.0625	
	2009	12	1	3	42	0.07142857	
	2009	12	2	1	20	0.05	
	2009	13	1	2	41	0.04878049	
	2009	13	2	0	12	0	
	2009	14	1	1	51	0.01960784	
	2009	14	2	2	29	0.06896552	
	2009	15	1	4	51	0.07843137	
	2009	15	2	2	29	0.06896552	
	2009	16	1	8	50	0.16	
	2009	16	2	4	20	0.2	
	2009	17	1	0	13	0	
	2009	17	2	2	16	0.125	
	2009	18	1	1	9	0.1111111	
	2009	18	2	2	9	0.2222222	
	2009	19	1	1	1	1	
	2010	1	1	0	6	0	
	2010	1	2	0	6	0	
	2010	2	1	0	2	0	
	2010	2	2	0	1	0	
	2010	3	1	0	1	0	
	2010	4	1	0	26	0	
	2010	4	2	0	9	0	
	2010	5	1	0	26	0	
	2010	5	2	0	9	0	
	2010	6	1	0	23	0	
	2010	6	2	0	9	0	
	2010	7	1	0	16	0	
	2010	7	2	0	10	0	
	2010	8	1	0	17	0	
	2010	8	2	0	9	0	
	2010	9	1	1	24	0.04166667	
	2010	9	2	0	12	0	
	2010	10	1	1	37	0.02702703	
	2010	10	2	0	13	0	
	2010	11	1	0	31	0	
	2010	11	2	0	20	0	
	2010	12	1	1	51	0.01960784	
	2010	12	2	3	20	0.15	
	2010	13	1	3	78	0.03846154	
	2010	13	2	1	27	0.03703704	
	2010	14	1	1	49	0.02040816	
	2010	14	2	0	21	0	
	2010	15	1	3	35	0.08571429	
	2010	15	2	5	22	0.2272727	
	2010	16	1	7	48	0.1458333	
	2010	16	2	2	27	0.07407407	
	2010	17	1	6	19	0.3157895	
	2010	17	2	1	17	0.05882353	
	2010	18	1	3	11	0.2727273	
	2010	18	2	0	4	0	
	2010	19	2	1	2	0.5	
	2011	1	1	0	7	0	
	2011	1	2	0	3	0	
	2011	2	1	0	2	0	
	2011	2	2	0	1	0	
	2011	3	2	0	3	0	
	2011	4	1	0	27	0	
	2011	4	2	0	6	0	
	2011	5	1	0	23	0	
	2011	5	2	0	5	0	
	2011	6	1	0	18	0	
	2011	6	2	0	8	0	
	2011	7	1	0	16	0	
	2011	7	2	0	11	0	
	2011	8	1	0	19	0	
	2011	8	2	0	9	0	
	2011	9	1	0	25	0	
	2011	9	2	2	9	0.2222222	
	2011	10	1	2	38	0.05263158	
	2011	10	2	0	13	0	
	2011	11	1	1	33	0.03030303	
	2011	11	2	2	17	0.1176471	
	2011	12	1	2	34	0.05882353	
	2011	12	2	0	16	0	
	2011	13	1	9	69	0.1304348	
	2011	13	2	3	20	0.15	
	2011	14	1	4	72	0.05555556	
	2011	14	2	0	25	0	
	2011	15	1	8	57	0.1403509	
	2011	15	2	3	23	0.1304348	
	2011	16	1	4	40	0.1	
	2011	16	2	1	19	0.05263158	
	2011	17	1	5	33	0.1515152	
	2011	17	2	1	13	0.07692308	
	2011	18	1	0	9	0	
	2011	18	2	1	3	0.3333333	
	2011	19	2	0	1	0	
	2012	1	1	0	2	0	
	2012	1	2	0	4	0	
	2012	2	2	0	1	0	
	2012	4	1	0	24	0	
	2012	4	2	0	5	0	
	2012	5	1	0	28	0	
	2012	5	2	0	6	0	
	2012	6	1	0	29	0	
	2012	6	2	0	10	0	
	2012	7	1	0	20	0	
	2012	7	2	0	10	0	
	2012	8	1	0	19	0	
	2012	8	2	2	8	0.25	
	2012	9	1	0	30	0	
	2012	9	2	0	11	0	
	2012	10	1	0	34	0	
	2012	10	2	0	16	0	
	2012	11	1	0	32	0	
	2012	11	2	0	20	0	
	2012	12	1	1	42	0.02380952	
	2012	12	2	3	28	0.1071429	
	2012	13	1	5	63	0.07936508	
	2012	13	2	1	23	0.04347826	
	2012	14	1	9	65	0.1384615	
	2012	14	2	3	35	0.08571429	
	2012	15	1	5	47	0.106383	
	2012	15	2	2	26	0.07692308	
	2012	16	1	5	44	0.1136364	
	2012	16	2	2	20	0.1	
	2012	17	1	7	34	0.2058824	
	2012	17	2	1	19	0.05263158	
	2012	18	1	1	9	0.1111111	
	2012	18	2	1	8	0.125	
	2012	19	1	1	3	0.3333333	
	2013	1	1	0	3	0	
	2013	1	2	0	5	0	
	2013	2	1	0	2	0	
	2013	3	1	0	3	0	
	2013	3	2	0	2	0	
	2013	4	1	0	18	0	
	2013	4	2	1	6	0.1666667	
	2013	5	1	0	19	0	
	2013	5	2	0	5	0	
	2013	6	1	0	24	0	
	2013	6	2	0	6	0	
	2013	7	1	1	15	0.06666667	
	2013	7	2	0	8	0	
	2013	8	1	0	23	0	
	2013	8	2	0	12	0	
	2013	9	1	0	22	0	
	2013	9	2	0	14	0	
	2013	10	1	0	28	0	
	2013	10	2	1	9	0.1111111	
	2013	11	1	4	35	0.1142857	
	2013	11	2	2	18	0.1111111	
	2013	12	1	3	46	0.06521739	
	2013	12	2	0	22	0	
	2013	13	1	6	61	0.09836066	
	2013	13	2	1	20	0.05	
	2013	14	1	8	79	0.1012658	
	2013	14	2	4	27	0.1481481	
	2013	15	1	4	56	0.07142857	
	2013	15	2	2	38	0.05263158	
	2013	16	1	4	56	0.07142857	
	2013	16	2	1	22	0.04545455	
	2013	17	1	4	31	0.1290323	
	2013	17	2	2	13	0.1538462	
	2013	18	1	3	10	0.3	
	2013	18	2	2	10	0.2	
	2013	19	1	2	3	0.6666667	
	2013	19	2	0	1	0	

