
	F.4.1.M Amputation im Fussbereich, kein Trauma, Mortalität // Amputation non traumatique au niveau du pied, mortalité // Amputazione non traumatica nella regione del piede, mortalità
	BAG/OFSP/UFSP - CH-IQI Version V4.0 - Daten 2013 - 27. Juli 2015

	Jahr	AltEGrp	Sex	DeathCH	CasesCH	pCH	
	1998	1	1	0	4	0	
	1998	1	2	0	4	0	
	1998	3	1	0	2	0	
	1998	4	1	0	1	0	
	1998	4	2	0	2	0	
	1998	6	2	0	1	0	
	1998	7	1	0	4	0	
	1998	7	2	0	1	0	
	1998	8	1	0	2	0	
	1998	8	2	0	4	0	
	1998	9	1	0	4	0	
	1998	9	2	0	2	0	
	1998	10	1	0	16	0	
	1998	10	2	0	4	0	
	1998	11	1	2	29	0.06896552	
	1998	11	2	0	8	0	
	1998	12	1	0	45	0	
	1998	12	2	0	17	0	
	1998	13	1	0	57	0	
	1998	13	2	1	24	0.04166667	
	1998	14	1	4	73	0.05479452	
	1998	14	2	0	46	0	
	1998	15	1	3	86	0.03488372	
	1998	15	2	0	39	0	
	1998	16	1	2	73	0.02739726	
	1998	16	2	3	53	0.05660377	
	1998	17	1	5	50	0.1	
	1998	17	2	1	50	0.02	
	1998	18	1	3	24	0.125	
	1998	18	2	2	41	0.04878049	
	1998	19	1	2	10	0.2	
	1998	19	2	0	14	0	
	1998	20	1	0	1	0	
	1999	1	1	0	2	0	
	1999	1	2	0	2	0	
	1999	3	1	0	1	0	
	1999	4	1	0	1	0	
	1999	5	2	0	1	0	
	1999	6	1	0	4	0	
	1999	6	2	0	1	0	
	1999	7	1	0	3	0	
	1999	8	1	0	4	0	
	1999	8	2	0	5	0	
	1999	9	1	0	13	0	
	1999	9	2	0	5	0	
	1999	10	1	0	16	0	
	1999	10	2	0	4	0	
	1999	11	1	0	40	0	
	1999	11	2	0	13	0	
	1999	12	1	1	43	0.02325581	
	1999	12	2	0	15	0	
	1999	13	1	1	63	0.01587302	
	1999	13	2	0	22	0	
	1999	14	1	4	83	0.04819277	
	1999	14	2	2	36	0.05555556	
	1999	15	1	7	130	0.05384615	
	1999	15	2	1	65	0.01538462	
	1999	16	1	2	94	0.0212766	
	1999	16	2	1	72	0.01388889	
	1999	17	1	3	60	0.05	
	1999	17	2	2	75	0.02666667	
	1999	18	1	3	38	0.07894737	
	1999	18	2	1	56	0.01785714	
	1999	19	1	1	11	0.09090909	
	1999	19	2	2	13	0.1538462	
	1999	20	1	0	2	0	
	1999	20	2	0	4	0	
	2000	1	1	0	6	0	
	2000	1	2	0	3	0	
	2000	2	1	0	3	0	
	2000	2	2	0	2	0	
	2000	3	2	0	2	0	
	2000	4	1	0	1	0	
	2000	5	1	0	1	0	
	2000	6	1	0	2	0	
	2000	6	2	0	2	0	
	2000	7	1	0	3	0	
	2000	7	2	0	2	0	
	2000	8	1	0	5	0	
	2000	8	2	0	1	0	
	2000	9	1	0	12	0	
	2000	9	2	1	5	0.2	
	2000	10	1	0	27	0	
	2000	10	2	0	2	0	
	2000	11	1	0	50	0	
	2000	11	2	0	12	0	
	2000	12	1	0	65	0	
	2000	12	2	1	10	0.1	
	2000	13	1	1	75	0.01333333	
	2000	13	2	0	17	0	
	2000	14	1	3	87	0.03448276	
	2000	14	2	0	58	0	
	2000	15	1	2	143	0.01398601	
	2000	15	2	0	57	0	
	2000	16	1	6	135	0.04444444	
	2000	16	2	1	52	0.01923077	
	2000	17	1	4	68	0.05882353	
	2000	17	2	1	67	0.01492537	
	2000	18	1	0	37	0	
	2000	18	2	3	48	0.0625	
	2000	19	1	2	8	0.25	
	2000	19	2	1	25	0.04	
	2000	20	1	0	1	0	
	2000	20	2	0	2	0	
	2001	1	1	0	8	0	
	2001	1	2	0	1	0	
	2001	2	1	0	1	0	
	2001	2	2	0	1	0	
	2001	3	1	0	1	0	
	2001	5	1	0	4	0	
	2001	5	2	0	2	0	
	2001	7	1	0	1	0	
	2001	7	2	0	2	0	
	2001	8	1	0	9	0	
	2001	8	2	0	4	0	
	2001	9	1	0	8	0	
	2001	9	2	0	2	0	
	2001	10	1	0	31	0	
	2001	10	2	0	5	0	
	2001	11	1	1	60	0.01666667	
	2001	11	2	0	15	0	
	2001	12	1	0	52	0	
	2001	12	2	0	8	0	
	2001	13	1	2	57	0.03508772	
	2001	13	2	1	29	0.03448276	
	2001	14	1	1	127	0.007874016	
	2001	14	2	0	47	0	
	2001	15	1	2	139	0.01438849	
	2001	15	2	1	56	0.01785714	
	2001	16	1	6	117	0.05128205	
	2001	16	2	1	72	0.01388889	
	2001	17	1	3	80	0.0375	
	2001	17	2	4	77	0.05194805	
	2001	18	1	0	42	0	
	2001	18	2	2	63	0.03174603	
	2001	19	1	2	13	0.1538462	
	2001	19	2	1	33	0.03030303	
	2001	20	1	2	2	1	
	2001	20	2	0	4	0	
	2002	1	1	0	3	0	
	2002	1	2	0	1	0	
	2002	2	1	0	2	0	
	2002	4	2	0	1	0	
	2002	5	1	0	1	0	
	2002	6	1	0	1	0	
	2002	6	2	0	1	0	
	2002	7	1	0	2	0	
	2002	7	2	0	3	0	
	2002	8	1	0	6	0	
	2002	8	2	0	3	0	
	2002	9	1	0	12	0	
	2002	9	2	0	15	0	
	2002	10	1	0	30	0	
	2002	10	2	0	5	0	
	2002	11	1	0	55	0	
	2002	11	2	0	16	0	
	2002	12	1	0	64	0	
	2002	12	2	0	18	0	
	2002	13	1	2	92	0.02173913	
	2002	13	2	0	21	0	
	2002	14	1	1	121	0.008264463	
	2002	14	2	1	46	0.02173913	
	2002	15	1	6	128	0.046875	
	2002	15	2	0	64	0	
	2002	16	1	6	131	0.04580153	
	2002	16	2	0	94	0	
	2002	17	1	8	92	0.08695652	
	2002	17	2	3	97	0.03092784	
	2002	18	1	3	60	0.05	
	2002	18	2	1	65	0.01538462	
	2002	19	1	1	16	0.0625	
	2002	19	2	5	38	0.1315789	
	2002	20	1	1	4	0.25	
	2002	20	2	1	2	0.5	
	2003	1	1	0	3	0	
	2003	1	2	0	3	0	
	2003	3	1	0	3	0	
	2003	3	2	0	2	0	
	2003	4	1	0	1	0	
	2003	5	1	0	4	0	
	2003	5	2	0	1	0	
	2003	6	2	0	1	0	
	2003	7	1	0	5	0	
	2003	7	2	0	3	0	
	2003	8	1	0	10	0	
	2003	8	2	0	2	0	
	2003	9	1	0	8	0	
	2003	9	2	0	4	0	
	2003	10	1	0	14	0	
	2003	10	2	0	3	0	
	2003	11	1	1	47	0.0212766	
	2003	11	2	0	12	0	
	2003	12	1	2	80	0.025	
	2003	12	2	1	19	0.05263158	
	2003	13	1	0	109	0	
	2003	13	2	0	30	0	
	2003	14	1	2	150	0.01333333	
	2003	14	2	0	44	0	
	2003	15	1	7	159	0.04402516	
	2003	15	2	3	60	0.05	
	2003	16	1	5	139	0.03597122	
	2003	16	2	6	93	0.06451613	
	2003	17	1	3	92	0.0326087	
	2003	17	2	4	96	0.04166667	
	2003	18	1	2	44	0.04545455	
	2003	18	2	3	74	0.04054054	
	2003	19	1	2	19	0.1052632	
	2003	19	2	2	37	0.05405405	
	2003	20	1	0	4	0	
	2003	20	2	1	4	0.25	
	2004	1	1	0	1	0	
	2004	1	2	0	3	0	
	2004	2	1	0	2	0	
	2004	2	2	0	1	0	
	2004	3	1	0	1	0	
	2004	4	1	0	2	0	
	2004	5	2	0	2	0	
	2004	6	1	0	3	0	
	2004	6	2	0	1	0	
	2004	8	1	0	9	0	
	2004	8	2	0	5	0	
	2004	9	1	0	11	0	
	2004	9	2	0	13	0	
	2004	10	1	0	19	0	
	2004	10	2	0	7	0	
	2004	11	1	0	57	0	
	2004	11	2	0	7	0	
	2004	12	1	1	83	0.01204819	
	2004	12	2	1	21	0.04761905	
	2004	13	1	1	120	0.008333333	
	2004	13	2	0	32	0	
	2004	14	1	4	134	0.02985075	
	2004	14	2	2	34	0.05882353	
	2004	15	1	6	172	0.03488372	
	2004	15	2	1	62	0.01612903	
	2004	16	1	4	178	0.02247191	
	2004	16	2	3	97	0.03092784	
	2004	17	1	9	110	0.08181818	
	2004	17	2	2	103	0.01941748	
	2004	18	1	1	57	0.01754386	
	2004	18	2	4	68	0.05882353	
	2004	19	1	1	22	0.04545455	
	2004	19	2	0	22	0	
	2004	20	1	0	7	0	
	2004	20	2	0	8	0	
	2005	1	1	0	4	0	
	2005	1	2	0	4	0	
	2005	3	1	0	2	0	
	2005	4	1	0	1	0	
	2005	4	2	0	2	0	
	2005	5	1	0	1	0	
	2005	6	1	0	6	0	
	2005	6	2	0	1	0	
	2005	7	1	0	4	0	
	2005	7	2	0	2	0	
	2005	8	1	0	8	0	
	2005	8	2	0	3	0	
	2005	9	1	0	17	0	
	2005	9	2	0	13	0	
	2005	10	1	1	23	0.04347826	
	2005	10	2	0	12	0	
	2005	11	1	1	42	0.02380952	
	2005	11	2	0	12	0	
	2005	12	1	2	74	0.02702703	
	2005	12	2	0	31	0	
	2005	13	1	1	133	0.007518797	
	2005	13	2	0	33	0	
	2005	14	1	2	133	0.01503759	
	2005	14	2	2	40	0.05	
	2005	15	1	3	161	0.01863354	
	2005	15	2	0	72	0	
	2005	16	1	6	157	0.03821656	
	2005	16	2	1	79	0.01265823	
	2005	17	1	7	106	0.06603774	
	2005	17	2	6	110	0.05454545	
	2005	18	1	4	78	0.05128205	
	2005	18	2	2	75	0.02666667	
	2005	19	1	2	26	0.07692308	
	2005	19	2	0	34	0	
	2005	20	1	0	4	0	
	2005	20	2	0	2	0	
	2006	1	1	0	6	0	
	2006	1	2	0	3	0	
	2006	2	1	0	1	0	
	2006	3	1	0	2	0	
	2006	4	1	0	2	0	
	2006	4	2	0	2	0	
	2006	5	2	0	3	0	
	2006	6	1	0	5	0	
	2006	6	2	0	2	0	
	2006	7	1	0	5	0	
	2006	7	2	0	1	0	
	2006	8	1	0	4	0	
	2006	8	2	0	2	0	
	2006	9	1	0	16	0	
	2006	9	2	0	7	0	
	2006	10	1	0	19	0	
	2006	10	2	0	8	0	
	2006	11	1	0	43	0	
	2006	11	2	0	9	0	
	2006	12	1	1	72	0.01388889	
	2006	12	2	0	23	0	
	2006	13	1	1	139	0.007194245	
	2006	13	2	1	35	0.02857143	
	2006	14	1	3	137	0.02189781	
	2006	14	2	0	31	0	
	2006	15	1	5	170	0.02941176	
	2006	15	2	1	63	0.01587302	
	2006	16	1	4	157	0.02547771	
	2006	16	2	4	81	0.04938272	
	2006	17	1	4	127	0.03149606	
	2006	17	2	3	100	0.03	
	2006	18	1	3	72	0.04166667	
	2006	18	2	2	72	0.02777778	
	2006	19	1	0	22	0	
	2006	19	2	3	26	0.1153846	
	2006	20	1	0	2	0	
	2006	20	2	0	5	0	
	2007	1	1	0	7	0	
	2007	1	2	0	5	0	
	2007	2	1	0	3	0	
	2007	3	2	0	1	0	
	2007	4	1	0	5	0	
	2007	4	2	0	3	0	
	2007	5	1	0	2	0	
	2007	5	2	0	3	0	
	2007	6	1	0	1	0	
	2007	6	2	0	3	0	
	2007	7	1	0	5	0	
	2007	7	2	0	3	0	
	2007	8	1	0	6	0	
	2007	8	2	0	4	0	
	2007	9	1	0	23	0	
	2007	9	2	0	5	0	
	2007	10	1	2	37	0.05405405	
	2007	10	2	0	12	0	
	2007	11	1	0	49	0	
	2007	11	2	0	12	0	
	2007	12	1	0	78	0	
	2007	12	2	1	19	0.05263158	
	2007	13	1	2	116	0.01724138	
	2007	13	2	1	41	0.02439024	
	2007	14	1	6	145	0.04137931	
	2007	14	2	0	46	0	
	2007	15	1	5	181	0.02762431	
	2007	15	2	4	70	0.05714286	
	2007	16	1	4	185	0.02162162	
	2007	16	2	0	90	0	
	2007	17	1	3	119	0.02521008	
	2007	17	2	0	113	0	
	2007	18	1	6	75	0.08	
	2007	18	2	4	87	0.04597701	
	2007	19	1	0	22	0	
	2007	19	2	0	38	0	
	2007	20	1	0	5	0	
	2007	20	2	0	12	0	
	2008	1	1	0	12	0	
	2008	1	2	0	8	0	
	2008	2	1	0	1	0	
	2008	3	1	0	1	0	
	2008	3	2	0	2	0	
	2008	4	1	0	2	0	
	2008	4	2	0	1	0	
	2008	5	1	0	1	0	
	2008	6	1	0	3	0	
	2008	6	2	0	1	0	
	2008	7	1	0	3	0	
	2008	7	2	0	2	0	
	2008	8	1	0	7	0	
	2008	8	2	0	10	0	
	2008	9	1	0	14	0	
	2008	9	2	0	3	0	
	2008	10	1	0	28	0	
	2008	10	2	0	19	0	
	2008	11	1	0	46	0	
	2008	11	2	0	21	0	
	2008	12	1	0	102	0	
	2008	12	2	0	22	0	
	2008	13	1	1	126	0.007936508	
	2008	13	2	1	39	0.02564103	
	2008	14	1	3	181	0.01657459	
	2008	14	2	0	44	0	
	2008	15	1	3	178	0.01685393	
	2008	15	2	1	75	0.01333333	
	2008	16	1	6	182	0.03296703	
	2008	16	2	3	102	0.02941176	
	2008	17	1	2	153	0.0130719	
	2008	17	2	8	127	0.06299213	
	2008	18	1	7	90	0.07777778	
	2008	18	2	3	92	0.0326087	
	2008	19	1	1	23	0.04347826	
	2008	19	2	0	35	0	
	2008	20	1	0	5	0	
	2008	20	2	1	11	0.09090909	
	2009	1	1	0	9	0	
	2009	1	2	0	19	0	
	2009	3	1	0	3	0	
	2009	3	2	0	2	0	
	2009	4	1	0	2	0	
	2009	4	2	0	4	0	
	2009	5	1	0	2	0	
	2009	5	2	0	3	0	
	2009	6	1	0	1	0	
	2009	6	2	0	1	0	
	2009	7	1	0	2	0	
	2009	7	2	0	2	0	
	2009	8	1	0	3	0	
	2009	8	2	0	4	0	
	2009	9	1	0	16	0	
	2009	9	2	0	4	0	
	2009	10	1	0	33	0	
	2009	10	2	0	11	0	
	2009	11	1	0	37	0	
	2009	11	2	0	19	0	
	2009	12	1	0	90	0	
	2009	12	2	0	23	0	
	2009	13	1	1	121	0.008264463	
	2009	13	2	0	27	0	
	2009	14	1	3	139	0.02158273	
	2009	14	2	1	45	0.02222222	
	2009	15	1	3	177	0.01694915	
	2009	15	2	2	64	0.03125	
	2009	16	1	9	177	0.05084746	
	2009	16	2	2	94	0.0212766	
	2009	17	1	9	176	0.05113636	
	2009	17	2	5	118	0.04237288	
	2009	18	1	9	115	0.07826087	
	2009	18	2	4	82	0.04878049	
	2009	19	1	3	31	0.09677419	
	2009	19	2	2	28	0.07142857	
	2009	20	1	2	8	0.25	
	2009	20	2	0	14	0	
	2010	1	1	0	5	0	
	2010	1	2	0	11	0	
	2010	2	1	0	1	0	
	2010	3	1	0	1	0	
	2010	4	2	0	1	0	
	2010	5	2	0	2	0	
	2010	6	1	0	1	0	
	2010	6	2	0	3	0	
	2010	7	1	0	5	0	
	2010	7	2	0	2	0	
	2010	8	1	0	10	0	
	2010	8	2	0	3	0	
	2010	9	1	0	18	0	
	2010	9	2	0	6	0	
	2010	10	1	0	23	0	
	2010	10	2	0	11	0	
	2010	11	1	1	55	0.01818182	
	2010	11	2	0	18	0	
	2010	12	1	0	80	0	
	2010	12	2	0	21	0	
	2010	13	1	2	131	0.01526718	
	2010	13	2	0	31	0	
	2010	14	1	1	183	0.005464481	
	2010	14	2	0	45	0	
	2010	15	1	9	177	0.05084746	
	2010	15	2	2	78	0.02564103	
	2010	16	1	9	206	0.04368932	
	2010	16	2	5	87	0.05747126	
	2010	17	1	4	157	0.02547771	
	2010	17	2	5	128	0.0390625	
	2010	18	1	7	102	0.06862745	
	2010	18	2	2	103	0.01941748	
	2010	19	1	4	37	0.1081081	
	2010	19	2	4	49	0.08163265	
	2010	20	1	0	3	0	
	2010	20	2	1	14	0.07142857	
	2011	1	1	0	8	0	
	2011	1	2	0	3	0	
	2011	2	1	0	2	0	
	2011	3	1	0	2	0	
	2011	4	1	0	2	0	
	2011	4	2	0	1	0	
	2011	6	1	0	4	0	
	2011	6	2	0	2	0	
	2011	7	1	0	1	0	
	2011	7	2	0	2	0	
	2011	8	1	0	7	0	
	2011	8	2	0	2	0	
	2011	9	1	1	14	0.07142857	
	2011	9	2	0	5	0	
	2011	10	1	0	28	0	
	2011	10	2	1	12	0.08333333	
	2011	11	1	0	40	0	
	2011	11	2	0	9	0	
	2011	12	1	0	86	0	
	2011	12	2	0	18	0	
	2011	13	1	1	142	0.007042254	
	2011	13	2	1	31	0.03225806	
	2011	14	1	1	154	0.006493506	
	2011	14	2	1	50	0.02	
	2011	15	1	5	198	0.02525253	
	2011	15	2	3	73	0.04109589	
	2011	16	1	7	219	0.03196347	
	2011	16	2	2	94	0.0212766	
	2011	17	1	8	172	0.04651163	
	2011	17	2	3	109	0.02752294	
	2011	18	1	9	99	0.09090909	
	2011	18	2	3	115	0.02608696	
	2011	19	1	3	26	0.1153846	
	2011	19	2	3	45	0.06666667	
	2011	20	1	1	3	0.3333333	
	2011	20	2	0	10	0	
	2012	1	1	0	6	0	
	2012	1	2	0	7	0	
	2012	2	1	0	1	0	
	2012	3	2	0	1	0	
	2012	5	1	0	3	0	
	2012	5	2	0	2	0	
	2012	6	1	0	1	0	
	2012	6	2	0	1	0	
	2012	7	1	0	3	0	
	2012	8	1	0	10	0	
	2012	8	2	0	2	0	
	2012	9	1	0	14	0	
	2012	9	2	0	4	0	
	2012	10	1	0	40	0	
	2012	10	2	0	6	0	
	2012	11	1	0	47	0	
	2012	11	2	0	21	0	
	2012	12	1	1	103	0.009708738	
	2012	12	2	0	20	0	
	2012	13	1	2	134	0.01492537	
	2012	13	2	1	28	0.03571429	
	2012	14	1	2	172	0.01162791	
	2012	14	2	0	47	0	
	2012	15	1	4	192	0.02083333	
	2012	15	2	3	55	0.05454545	
	2012	16	1	8	196	0.04081633	
	2012	16	2	2	101	0.01980198	
	2012	17	1	5	174	0.02873563	
	2012	17	2	0	128	0	
	2012	18	1	4	103	0.03883495	
	2012	18	2	6	95	0.06315789	
	2012	19	1	0	28	0	
	2012	19	2	1	44	0.02272727	
	2012	20	1	0	6	0	
	2012	20	2	0	10	0	
	2013	1	1	0	7	0	
	2013	1	2	0	2	0	
	2013	2	2	0	1	0	
	2013	4	1	0	2	0	
	2013	5	1	0	4	0	
	2013	6	1	0	1	0	
	2013	6	2	0	3	0	
	2013	7	1	0	2	0	
	2013	7	2	0	2	0	
	2013	8	1	0	5	0	
	2013	8	2	0	3	0	
	2013	9	1	1	20	0.05	
	2013	9	2	0	8	0	
	2013	10	1	0	34	0	
	2013	10	2	0	8	0	
	2013	11	1	0	47	0	
	2013	11	2	1	14	0.07142857	
	2013	12	1	1	98	0.01020408	
	2013	12	2	0	21	0	
	2013	13	1	1	126	0.007936508	
	2013	13	2	1	29	0.03448276	
	2013	14	1	3	174	0.01724138	
	2013	14	2	1	64	0.015625	
	2013	15	1	12	213	0.05633803	
	2013	15	2	1	59	0.01694915	
	2013	16	1	11	193	0.05699482	
	2013	16	2	1	94	0.0106383	
	2013	17	1	6	180	0.03333333	
	2013	17	2	4	95	0.04210526	
	2013	18	1	10	120	0.08333333	
	2013	18	2	2	107	0.01869159	
	2013	19	1	5	34	0.1470588	
	2013	19	2	3	50	0.06	
	2013	20	1	0	3	0	
	2013	20	2	0	11	0	

