
	A.1.11.M Nichttransmuraler Infarkt/NSTEMI (Alter >19), Mortalität // Infarctus non transmural/NSTEMI (âge >19), mortalité // Infarto non transmurale/NSTEMI (età >19), mortalità
	BAG/OFSP/UFSP - CH-IQI Version V4.0 - Daten 2013 - 27. Juli 2015

	Jahr	AltEGrp	Sex	DeathCH	CasesCH	pCH	
	1998	6	1	0	2	0	
	1998	6	2	0	2	0	
	1998	7	1	0	2	0	
	1998	8	1	0	8	0	
	1998	9	1	0	17	0	
	1998	9	2	0	6	0	
	1998	10	1	0	30	0	
	1998	10	2	0	6	0	
	1998	11	1	0	55	0	
	1998	11	2	0	12	0	
	1998	12	1	1	44	0.02272727	
	1998	12	2	1	9	0.1111111	
	1998	13	1	0	47	0	
	1998	13	2	1	17	0.05882353	
	1998	14	1	2	60	0.03333333	
	1998	14	2	0	28	0	
	1998	15	1	1	57	0.01754386	
	1998	15	2	1	29	0.03448276	
	1998	16	1	1	52	0.01923077	
	1998	16	2	1	33	0.03030303	
	1998	17	1	3	30	0.1	
	1998	17	2	2	36	0.05555556	
	1998	18	1	2	16	0.125	
	1998	18	2	4	29	0.137931	
	1998	19	1	0	1	0	
	1998	19	2	0	7	0	
	1998	20	2	0	2	0	
	1999	7	1	0	3	0	
	1999	8	1	0	11	0	
	1999	8	2	0	1	0	
	1999	9	1	0	23	0	
	1999	9	2	0	3	0	
	1999	10	1	0	29	0	
	1999	10	2	0	5	0	
	1999	11	1	0	43	0	
	1999	11	2	0	4	0	
	1999	12	1	1	47	0.0212766	
	1999	12	2	0	8	0	
	1999	13	1	0	60	0	
	1999	13	2	1	20	0.05	
	1999	14	1	3	68	0.04411765	
	1999	14	2	0	29	0	
	1999	15	1	1	57	0.01754386	
	1999	15	2	2	34	0.05882353	
	1999	16	1	2	55	0.03636364	
	1999	16	2	2	44	0.04545455	
	1999	17	1	3	31	0.09677419	
	1999	17	2	2	44	0.04545455	
	1999	18	1	2	26	0.07692308	
	1999	18	2	2	35	0.05714286	
	1999	19	1	1	4	0.25	
	1999	19	2	0	12	0	
	1999	20	2	0	1	0	
	2000	8	1	0	9	0	
	2000	8	2	0	1	0	
	2000	9	1	0	13	0	
	2000	9	2	0	3	0	
	2000	10	1	0	25	0	
	2000	10	2	0	2	0	
	2000	11	1	1	48	0.02083333	
	2000	11	2	0	13	0	
	2000	12	1	0	41	0	
	2000	12	2	0	5	0	
	2000	13	1	0	61	0	
	2000	13	2	0	14	0	
	2000	14	1	2	70	0.02857143	
	2000	14	2	0	24	0	
	2000	15	1	3	72	0.04166667	
	2000	15	2	2	40	0.05	
	2000	16	1	4	63	0.06349206	
	2000	16	2	3	50	0.06	
	2000	17	1	5	53	0.09433962	
	2000	17	2	2	54	0.03703704	
	2000	18	1	4	26	0.1538462	
	2000	18	2	6	39	0.1538462	
	2000	19	1	1	2	0.5	
	2000	19	2	1	11	0.09090909	
	2000	20	1	1	2	0.5	
	2001	7	1	0	3	0	
	2001	7	2	0	3	0	
	2001	8	1	0	8	0	
	2001	9	1	0	24	0	
	2001	9	2	0	4	0	
	2001	10	1	0	46	0	
	2001	10	2	0	13	0	
	2001	11	1	1	49	0.02040816	
	2001	11	2	0	8	0	
	2001	12	1	1	58	0.01724138	
	2001	12	2	0	13	0	
	2001	13	1	1	67	0.01492537	
	2001	13	2	0	20	0	
	2001	14	1	3	69	0.04347826	
	2001	14	2	1	27	0.03703704	
	2001	15	1	2	74	0.02702703	
	2001	15	2	0	35	0	
	2001	16	1	6	72	0.08333333	
	2001	16	2	2	51	0.03921569	
	2001	17	1	5	55	0.09090909	
	2001	17	2	5	57	0.0877193	
	2001	18	1	5	31	0.1612903	
	2001	18	2	0	33	0	
	2001	19	1	2	8	0.25	
	2001	19	2	1	11	0.09090909	
	2001	20	1	0	3	0	
	2001	20	2	0	2	0	
	2002	7	1	0	4	0	
	2002	8	1	0	7	0	
	2002	8	2	0	2	0	
	2002	9	1	0	22	0	
	2002	9	2	0	7	0	
	2002	10	1	0	38	0	
	2002	10	2	0	7	0	
	2002	11	1	0	72	0	
	2002	11	2	0	6	0	
	2002	12	1	0	72	0	
	2002	12	2	0	18	0	
	2002	13	1	1	71	0.01408451	
	2002	13	2	1	25	0.04	
	2002	14	1	1	74	0.01351351	
	2002	14	2	0	35	0	
	2002	15	1	3	77	0.03896104	
	2002	15	2	3	45	0.06666667	
	2002	16	1	1	67	0.01492537	
	2002	16	2	2	45	0.04444444	
	2002	17	1	7	75	0.09333333	
	2002	17	2	3	56	0.05357143	
	2002	18	1	3	26	0.1153846	
	2002	18	2	5	40	0.125	
	2002	19	1	3	10	0.3	
	2002	19	2	2	12	0.1666667	
	2002	20	1	1	3	0.3333333	
	2002	20	2	0	2	0	
	2003	7	1	0	1	0	
	2003	7	2	0	1	0	
	2003	8	1	0	1	0	
	2003	8	2	0	2	0	
	2003	9	1	0	24	0	
	2003	9	2	0	6	0	
	2003	10	1	0	38	0	
	2003	10	2	0	1	0	
	2003	11	1	0	48	0	
	2003	11	2	0	9	0	
	2003	12	1	2	62	0.03225806	
	2003	12	2	0	16	0	
	2003	13	1	1	44	0.02272727	
	2003	13	2	0	10	0	
	2003	14	1	0	61	0	
	2003	14	2	1	25	0.04	
	2003	15	1	0	68	0	
	2003	15	2	0	35	0	
	2003	16	1	2	73	0.02739726	
	2003	16	2	2	54	0.03703704	
	2003	17	1	3	72	0.04166667	
	2003	17	2	4	78	0.05128205	
	2003	18	1	4	31	0.1290323	
	2003	18	2	7	50	0.14	
	2003	19	1	3	12	0.25	
	2003	19	2	2	21	0.0952381	
	2003	20	1	1	3	0.3333333	
	2003	20	2	0	1	0	
	2004	6	1	0	1	0	
	2004	8	1	0	4	0	
	2004	8	2	0	3	0	
	2004	9	1	0	6	0	
	2004	9	2	0	2	0	
	2004	10	1	0	21	0	
	2004	10	2	0	4	0	
	2004	11	1	0	36	0	
	2004	11	2	0	9	0	
	2004	12	1	0	54	0	
	2004	12	2	0	16	0	
	2004	13	1	0	44	0	
	2004	13	2	0	16	0	
	2004	14	1	0	53	0	
	2004	14	2	1	26	0.03846154	
	2004	15	1	2	82	0.02439024	
	2004	15	2	0	30	0	
	2004	16	1	2	76	0.02631579	
	2004	16	2	1	44	0.02272727	
	2004	17	1	5	54	0.09259259	
	2004	17	2	1	53	0.01886792	
	2004	18	1	2	29	0.06896552	
	2004	18	2	3	31	0.09677419	
	2004	19	1	0	10	0	
	2004	19	2	1	15	0.06666667	
	2004	20	1	1	2	0.5	
	2004	20	2	2	6	0.3333333	
	2005	6	1	0	1	0	
	2005	7	1	0	1	0	
	2005	7	2	0	2	0	
	2005	8	1	0	10	0	
	2005	8	2	0	2	0	
	2005	9	1	0	35	0	
	2005	9	2	0	4	0	
	2005	10	1	0	41	0	
	2005	10	2	0	10	0	
	2005	11	1	0	61	0	
	2005	11	2	0	11	0	
	2005	12	1	0	119	0	
	2005	12	2	1	20	0.05	
	2005	13	1	1	111	0.009009009	
	2005	13	2	1	27	0.03703704	
	2005	14	1	0	107	0	
	2005	14	2	0	29	0	
	2005	15	1	7	148	0.0472973	
	2005	15	2	2	52	0.03846154	
	2005	16	1	6	127	0.04724409	
	2005	16	2	9	70	0.1285714	
	2005	17	1	10	100	0.1	
	2005	17	2	6	92	0.06521739	
	2005	18	1	6	54	0.1111111	
	2005	18	2	11	51	0.2156863	
	2005	19	1	4	28	0.1428571	
	2005	19	2	4	25	0.16	
	2005	20	1	0	3	0	
	2005	20	2	0	6	0	
	2006	6	1	0	1	0	
	2006	7	1	0	2	0	
	2006	8	1	0	29	0	
	2006	8	2	0	2	0	
	2006	9	1	1	82	0.01219512	
	2006	9	2	0	2	0	
	2006	10	1	0	124	0	
	2006	10	2	0	11	0	
	2006	11	1	2	194	0.01030928	
	2006	11	2	1	34	0.02941176	
	2006	12	1	2	197	0.01015228	
	2006	12	2	1	45	0.02222222	
	2006	13	1	1	246	0.004065041	
	2006	13	2	2	54	0.03703704	
	2006	14	1	4	190	0.02105263	
	2006	14	2	0	65	0	
	2006	15	1	6	238	0.02521008	
	2006	15	2	4	93	0.04301075	
	2006	16	1	10	234	0.04273504	
	2006	16	2	8	168	0.04761905	
	2006	17	1	14	194	0.07216495	
	2006	17	2	13	168	0.07738095	
	2006	18	1	12	102	0.1176471	
	2006	18	2	10	115	0.08695652	
	2006	19	1	5	39	0.1282051	
	2006	19	2	8	63	0.1269841	
	2006	20	1	0	2	0	
	2006	20	2	2	8	0.25	
	2007	6	1	0	1	0	
	2007	7	1	0	7	0	
	2007	7	2	0	3	0	
	2007	8	1	0	18	0	
	2007	8	2	0	7	0	
	2007	9	1	0	99	0	
	2007	9	2	0	16	0	
	2007	10	1	0	149	0	
	2007	10	2	1	27	0.03703704	
	2007	11	1	0	226	0	
	2007	11	2	0	48	0	
	2007	12	1	3	289	0.01038062	
	2007	12	2	0	69	0	
	2007	13	1	7	296	0.02364865	
	2007	13	2	1	100	0.01	
	2007	14	1	12	303	0.03960396	
	2007	14	2	1	92	0.01086957	
	2007	15	1	7	335	0.02089552	
	2007	15	2	7	142	0.04929577	
	2007	16	1	18	341	0.05278592	
	2007	16	2	8	173	0.04624277	
	2007	17	1	29	288	0.1006944	
	2007	17	2	16	210	0.07619048	
	2007	18	1	23	162	0.1419753	
	2007	18	2	21	177	0.1186441	
	2007	19	1	17	66	0.2575758	
	2007	19	2	8	73	0.109589	
	2007	20	1	3	6	0.5	
	2007	20	2	3	17	0.1764706	
	2008	6	1	0	2	0	
	2008	6	2	0	3	0	
	2008	7	1	0	3	0	
	2008	7	2	0	1	0	
	2008	8	1	0	33	0	
	2008	8	2	0	5	0	
	2008	9	1	1	132	0.007575758	
	2008	9	2	0	23	0	
	2008	10	1	1	207	0.004830918	
	2008	10	2	0	27	0	
	2008	11	1	3	265	0.01132075	
	2008	11	2	1	54	0.01851852	
	2008	12	1	7	330	0.02121212	
	2008	12	2	2	90	0.02222222	
	2008	13	1	5	394	0.01269036	
	2008	13	2	3	129	0.02325581	
	2008	14	1	10	383	0.02610966	
	2008	14	2	2	128	0.015625	
	2008	15	1	14	411	0.03406326	
	2008	15	2	5	214	0.02336449	
	2008	16	1	23	432	0.05324074	
	2008	16	2	9	262	0.03435115	
	2008	17	1	41	365	0.1123288	
	2008	17	2	24	328	0.07317073	
	2008	18	1	27	198	0.1363636	
	2008	18	2	28	257	0.1089494	
	2008	19	1	19	80	0.2375	
	2008	19	2	12	84	0.1428571	
	2008	20	1	3	10	0.3	
	2008	20	2	5	17	0.2941176	
	2009	5	1	0	3	0	
	2009	6	1	0	2	0	
	2009	6	2	0	2	0	
	2009	7	1	0	7	0	
	2009	7	2	0	3	0	
	2009	8	1	0	49	0	
	2009	8	2	0	9	0	
	2009	9	1	0	126	0	
	2009	9	2	0	31	0	
	2009	10	1	2	247	0.008097166	
	2009	10	2	0	40	0	
	2009	11	1	1	358	0.002793296	
	2009	11	2	0	77	0	
	2009	12	1	3	422	0.007109005	
	2009	12	2	0	74	0	
	2009	13	1	4	495	0.008080808	
	2009	13	2	2	133	0.01503759	
	2009	14	1	7	499	0.01402806	
	2009	14	2	8	196	0.04081633	
	2009	15	1	12	478	0.0251046	
	2009	15	2	8	226	0.03539823	
	2009	16	1	36	500	0.072	
	2009	16	2	14	327	0.04281346	
	2009	17	1	39	413	0.09443099	
	2009	17	2	36	335	0.1074627	
	2009	18	1	40	261	0.1532567	
	2009	18	2	34	294	0.1156463	
	2009	19	1	16	73	0.2191781	
	2009	19	2	21	107	0.1962617	
	2009	20	1	3	11	0.2727273	
	2009	20	2	5	22	0.2272727	
	2010	5	1	0	1	0	
	2010	5	2	0	1	0	
	2010	6	2	0	1	0	
	2010	7	1	0	18	0	
	2010	7	2	0	8	0	
	2010	8	1	0	50	0	
	2010	8	2	0	10	0	
	2010	9	1	0	140	0	
	2010	9	2	0	22	0	
	2010	10	1	1	300	0.003333333	
	2010	10	2	0	48	0	
	2010	11	1	1	446	0.002242152	
	2010	11	2	0	124	0	
	2010	12	1	4	554	0.007220217	
	2010	12	2	1	104	0.009615385	
	2010	13	1	5	624	0.008012821	
	2010	13	2	1	184	0.005434783	
	2010	14	1	16	592	0.02702703	
	2010	14	2	5	216	0.02314815	
	2010	15	1	16	594	0.02693603	
	2010	15	2	9	304	0.02960526	
	2010	16	1	21	634	0.03312303	
	2010	16	2	15	400	0.0375	
	2010	17	1	43	541	0.07948244	
	2010	17	2	30	396	0.07575758	
	2010	18	1	65	359	0.1810585	
	2010	18	2	27	357	0.07563025	
	2010	19	1	18	91	0.1978022	
	2010	19	2	26	153	0.1699346	
	2010	20	1	2	21	0.0952381	
	2010	20	2	7	38	0.1842105	
	2011	5	1	0	1	0	
	2011	5	2	0	1	0	
	2011	6	1	0	2	0	
	2011	6	2	0	3	0	
	2011	7	1	0	18	0	
	2011	7	2	0	4	0	
	2011	8	1	0	54	0	
	2011	8	2	0	10	0	
	2011	9	1	0	168	0	
	2011	9	2	0	27	0	
	2011	10	1	1	323	0.003095975	
	2011	10	2	1	60	0.01666667	
	2011	11	1	0	478	0	
	2011	11	2	0	108	0	
	2011	12	1	1	624	0.001602564	
	2011	12	2	0	131	0	
	2011	13	1	9	708	0.01271186	
	2011	13	2	2	211	0.009478673	
	2011	14	1	9	744	0.01209677	
	2011	14	2	5	249	0.02008032	
	2011	15	1	17	670	0.02537313	
	2011	15	2	6	307	0.01954397	
	2011	16	1	32	790	0.04050633	
	2011	16	2	11	427	0.02576112	
	2011	17	1	57	647	0.08809892	
	2011	17	2	42	526	0.07984791	
	2011	18	1	45	364	0.1236264	
	2011	18	2	43	420	0.102381	
	2011	19	1	18	111	0.1621622	
	2011	19	2	15	160	0.09375	
	2011	20	1	2	24	0.08333333	
	2011	20	2	8	43	0.1860465	
	2012	5	1	0	2	0	
	2012	5	2	0	2	0	
	2012	6	1	0	3	0	
	2012	6	2	0	1	0	
	2012	7	1	0	18	0	
	2012	7	2	0	4	0	
	2012	8	1	0	39	0	
	2012	8	2	0	9	0	
	2012	9	1	0	155	0	
	2012	9	2	2	26	0.07692308	
	2012	10	1	1	326	0.003067485	
	2012	10	2	0	63	0	
	2012	11	1	3	494	0.006072874	
	2012	11	2	1	101	0.00990099	
	2012	12	1	6	582	0.01030928	
	2012	12	2	0	146	0	
	2012	13	1	10	703	0.01422475	
	2012	13	2	3	234	0.01282051	
	2012	14	1	18	761	0.02365309	
	2012	14	2	4	234	0.01709402	
	2012	15	1	16	723	0.02213001	
	2012	15	2	12	351	0.03418803	
	2012	16	1	27	735	0.03673469	
	2012	16	2	23	376	0.06117021	
	2012	17	1	53	663	0.07993967	
	2012	17	2	21	512	0.04101562	
	2012	18	1	36	393	0.09160305	
	2012	18	2	49	387	0.126615	
	2012	19	1	29	121	0.2396694	
	2012	19	2	25	173	0.1445087	
	2012	20	1	6	26	0.2307692	
	2012	20	2	9	35	0.2571429	
	2013	5	1	0	2	0	
	2013	6	1	0	5	0	
	2013	7	1	0	14	0	
	2013	8	1	0	49	0	
	2013	8	2	0	12	0	
	2013	9	1	0	144	0	
	2013	9	2	0	34	0	
	2013	10	1	2	325	0.006153846	
	2013	10	2	0	49	0	
	2013	11	1	3	499	0.006012024	
	2013	11	2	0	108	0	
	2013	12	1	6	587	0.01022147	
	2013	12	2	2	125	0.016	
	2013	13	1	4	695	0.005755396	
	2013	13	2	4	207	0.01932367	
	2013	14	1	13	740	0.01756757	
	2013	14	2	1	240	0.004166667	
	2013	15	1	22	770	0.02857143	
	2013	15	2	9	306	0.02941176	
	2013	16	1	26	762	0.03412073	
	2013	16	2	16	407	0.03931204	
	2013	17	1	55	674	0.08160237	
	2013	17	2	44	512	0.0859375	
	2013	18	1	51	423	0.1205674	
	2013	18	2	48	433	0.1108545	
	2013	19	1	24	135	0.1777778	
	2013	19	2	21	198	0.1060606	
	2013	20	1	6	23	0.2608696	
	2013	20	2	8	49	0.1632653	

