
	B.2.1.M TIA, Mortalität // AIT, mortalité // TIA, mortalità
	BAG/OFSP/UFSP - CH-IQI Version V4.0 - Daten 2013 - 27. Juli 2015

	Jahr	AltEGrp	Sex	DeathCH	CasesCH	pCH	
	1998	1	2	0	1	0	
	1998	2	1	0	1	0	
	1998	4	1	0	5	0	
	1998	4	2	0	1	0	
	1998	5	1	0	1	0	
	1998	5	2	0	3	0	
	1998	6	1	0	1	0	
	1998	6	2	0	1	0	
	1998	7	1	0	11	0	
	1998	7	2	0	6	0	
	1998	8	1	0	8	0	
	1998	8	2	0	9	0	
	1998	9	1	0	16	0	
	1998	9	2	0	15	0	
	1998	10	1	0	19	0	
	1998	10	2	0	13	0	
	1998	11	1	0	41	0	
	1998	11	2	0	16	0	
	1998	12	1	0	51	0	
	1998	12	2	0	43	0	
	1998	13	1	0	73	0	
	1998	13	2	0	54	0	
	1998	14	1	3	107	0.02803738	
	1998	14	2	0	78	0	
	1998	15	1	0	119	0	
	1998	15	2	0	93	0	
	1998	16	1	7	135	0.05185185	
	1998	16	2	1	148	0.006756757	
	1998	17	1	2	115	0.0173913	
	1998	17	2	0	154	0	
	1998	18	1	0	62	0	
	1998	18	2	0	117	0	
	1998	19	1	0	26	0	
	1998	19	2	1	65	0.01538462	
	1998	20	1	0	4	0	
	1998	20	2	0	6	0	
	1999	4	1	0	1	0	
	1999	4	2	0	1	0	
	1999	5	1	0	1	0	
	1999	5	2	0	1	0	
	1999	6	2	0	4	0	
	1999	7	1	0	5	0	
	1999	7	2	0	4	0	
	1999	8	1	0	8	0	
	1999	8	2	0	8	0	
	1999	9	1	0	13	0	
	1999	9	2	0	6	0	
	1999	10	1	0	25	0	
	1999	10	2	0	11	0	
	1999	11	1	0	38	0	
	1999	11	2	0	23	0	
	1999	12	1	0	64	0	
	1999	12	2	0	32	0	
	1999	13	1	0	94	0	
	1999	13	2	0	47	0	
	1999	14	1	0	112	0	
	1999	14	2	0	87	0	
	1999	15	1	0	148	0	
	1999	15	2	1	127	0.007874016	
	1999	16	1	2	151	0.01324503	
	1999	16	2	0	196	0	
	1999	17	1	0	129	0	
	1999	17	2	3	181	0.01657459	
	1999	18	1	2	90	0.02222222	
	1999	18	2	2	166	0.01204819	
	1999	19	1	0	36	0	
	1999	19	2	0	57	0	
	1999	20	1	0	2	0	
	1999	20	2	0	11	0	
	2000	1	1	0	1	0	
	2000	2	1	0	1	0	
	2000	3	1	0	1	0	
	2000	5	1	0	1	0	
	2000	5	2	0	3	0	
	2000	6	1	0	1	0	
	2000	6	2	0	1	0	
	2000	7	1	0	4	0	
	2000	7	2	0	3	0	
	2000	8	1	0	4	0	
	2000	8	2	0	11	0	
	2000	9	1	0	14	0	
	2000	9	2	0	9	0	
	2000	10	1	0	35	0	
	2000	10	2	0	21	0	
	2000	11	1	0	52	0	
	2000	11	2	0	26	0	
	2000	12	1	1	75	0.01333333	
	2000	12	2	0	44	0	
	2000	13	1	0	87	0	
	2000	13	2	0	70	0	
	2000	14	1	0	112	0	
	2000	14	2	0	114	0	
	2000	15	1	0	131	0	
	2000	15	2	1	144	0.006944444	
	2000	16	1	0	192	0	
	2000	16	2	2	208	0.009615385	
	2000	17	1	4	129	0.03100775	
	2000	17	2	2	218	0.009174312	
	2000	18	1	2	105	0.01904762	
	2000	18	2	3	200	0.015	
	2000	19	1	0	34	0	
	2000	19	2	0	58	0	
	2000	20	1	0	4	0	
	2000	20	2	1	18	0.05555556	
	2001	1	2	0	1	0	
	2001	3	2	0	1	0	
	2001	4	1	0	2	0	
	2001	5	1	0	3	0	
	2001	5	2	0	1	0	
	2001	6	1	0	3	0	
	2001	6	2	0	1	0	
	2001	7	1	0	1	0	
	2001	7	2	0	3	0	
	2001	8	1	0	13	0	
	2001	8	2	0	6	0	
	2001	9	1	0	16	0	
	2001	9	2	0	21	0	
	2001	10	1	0	26	0	
	2001	10	2	0	23	0	
	2001	11	1	0	55	0	
	2001	11	2	0	34	0	
	2001	12	1	0	100	0	
	2001	12	2	0	51	0	
	2001	13	1	0	115	0	
	2001	13	2	0	77	0	
	2001	14	1	1	154	0.006493506	
	2001	14	2	1	104	0.009615385	
	2001	15	1	0	174	0	
	2001	15	2	0	151	0	
	2001	16	1	1	214	0.004672897	
	2001	16	2	2	235	0.008510638	
	2001	17	1	7	162	0.04320988	
	2001	17	2	2	239	0.008368201	
	2001	18	1	2	90	0.02222222	
	2001	18	2	3	181	0.01657459	
	2001	19	1	4	47	0.08510638	
	2001	19	2	2	80	0.025	
	2001	20	1	0	8	0	
	2001	20	2	0	17	0	
	2002	1	1	0	1	0	
	2002	1	2	0	1	0	
	2002	4	1	0	4	0	
	2002	5	1	0	3	0	
	2002	5	2	0	3	0	
	2002	6	1	0	1	0	
	2002	7	1	0	3	0	
	2002	7	2	0	8	0	
	2002	8	1	0	15	0	
	2002	8	2	0	8	0	
	2002	9	1	0	19	0	
	2002	9	2	0	16	0	
	2002	10	1	0	47	0	
	2002	10	2	0	23	0	
	2002	11	1	0	51	0	
	2002	11	2	0	26	0	
	2002	12	1	0	94	0	
	2002	12	2	1	66	0.01515152	
	2002	13	1	0	122	0	
	2002	13	2	0	72	0	
	2002	14	1	1	172	0.005813953	
	2002	14	2	1	126	0.007936508	
	2002	15	1	0	204	0	
	2002	15	2	1	177	0.005649718	
	2002	16	1	1	250	0.004	
	2002	16	2	3	253	0.01185771	
	2002	17	1	3	206	0.01456311	
	2002	17	2	1	279	0.003584229	
	2002	18	1	4	121	0.03305785	
	2002	18	2	5	203	0.02463054	
	2002	19	1	0	32	0	
	2002	19	2	3	86	0.03488372	
	2002	20	1	1	9	0.1111111	
	2002	20	2	0	11	0	
	2003	3	1	0	1	0	
	2003	4	1	0	2	0	
	2003	4	2	0	1	0	
	2003	5	1	0	2	0	
	2003	5	2	0	1	0	
	2003	6	1	0	3	0	
	2003	6	2	0	6	0	
	2003	7	1	0	10	0	
	2003	7	2	0	2	0	
	2003	8	1	0	6	0	
	2003	8	2	0	10	0	
	2003	9	1	0	24	0	
	2003	9	2	0	17	0	
	2003	10	1	0	43	0	
	2003	10	2	0	24	0	
	2003	11	1	0	65	0	
	2003	11	2	0	36	0	
	2003	12	1	0	108	0	
	2003	12	2	0	54	0	
	2003	13	1	1	121	0.008264463	
	2003	13	2	0	102	0	
	2003	14	1	1	145	0.006896552	
	2003	14	2	1	112	0.008928571	
	2003	15	1	1	177	0.005649718	
	2003	15	2	0	148	0	
	2003	16	1	1	226	0.004424779	
	2003	16	2	1	229	0.004366812	
	2003	17	1	1	201	0.004975124	
	2003	17	2	1	276	0.003623188	
	2003	18	1	1	117	0.008547009	
	2003	18	2	1	189	0.005291005	
	2003	19	1	0	33	0	
	2003	19	2	1	91	0.01098901	
	2003	20	1	0	8	0	
	2003	20	2	1	18	0.05555556	
	2004	1	1	0	1	0	
	2004	2	1	0	1	0	
	2004	4	1	0	2	0	
	2004	4	2	0	1	0	
	2004	5	1	0	3	0	
	2004	5	2	0	7	0	
	2004	6	1	0	6	0	
	2004	6	2	0	5	0	
	2004	7	1	0	6	0	
	2004	7	2	0	7	0	
	2004	8	1	0	17	0	
	2004	8	2	0	15	0	
	2004	9	1	0	39	0	
	2004	9	2	0	17	0	
	2004	10	1	0	40	0	
	2004	10	2	0	32	0	
	2004	11	1	0	57	0	
	2004	11	2	0	44	0	
	2004	12	1	0	118	0	
	2004	12	2	0	86	0	
	2004	13	1	0	143	0	
	2004	13	2	0	112	0	
	2004	14	1	0	173	0	
	2004	14	2	0	124	0	
	2004	15	1	0	217	0	
	2004	15	2	2	217	0.00921659	
	2004	16	1	3	246	0.01219512	
	2004	16	2	4	278	0.01438849	
	2004	17	1	2	208	0.009615385	
	2004	17	2	2	301	0.006644518	
	2004	18	1	1	119	0.008403361	
	2004	18	2	1	220	0.004545455	
	2004	19	1	1	58	0.01724138	
	2004	19	2	4	96	0.04166667	
	2004	20	1	1	4	0.25	
	2004	20	2	0	15	0	
	2005	2	2	0	1	0	
	2005	3	1	0	2	0	
	2005	4	1	0	1	0	
	2005	5	1	0	1	0	
	2005	5	2	0	7	0	
	2005	6	1	0	6	0	
	2005	6	2	0	3	0	
	2005	7	1	0	7	0	
	2005	7	2	0	5	0	
	2005	8	1	0	11	0	
	2005	8	2	0	16	0	
	2005	9	1	0	22	0	
	2005	9	2	0	15	0	
	2005	10	1	0	45	0	
	2005	10	2	0	38	0	
	2005	11	1	0	65	0	
	2005	11	2	0	46	0	
	2005	12	1	0	134	0	
	2005	12	2	0	67	0	
	2005	13	1	0	130	0	
	2005	13	2	0	97	0	
	2005	14	1	2	156	0.01282051	
	2005	14	2	0	127	0	
	2005	15	1	2	210	0.00952381	
	2005	15	2	0	188	0	
	2005	16	1	0	227	0	
	2005	16	2	1	262	0.003816794	
	2005	17	1	4	223	0.01793722	
	2005	17	2	1	280	0.003571429	
	2005	18	1	2	116	0.01724138	
	2005	18	2	0	186	0	
	2005	19	1	2	54	0.03703704	
	2005	19	2	3	72	0.04166667	
	2005	20	1	2	7	0.2857143	
	2005	20	2	0	25	0	
	2006	4	1	0	4	0	
	2006	5	1	0	4	0	
	2006	5	2	0	2	0	
	2006	6	1	0	1	0	
	2006	6	2	0	7	0	
	2006	7	1	0	6	0	
	2006	7	2	0	6	0	
	2006	8	1	0	12	0	
	2006	8	2	0	8	0	
	2006	9	1	0	28	0	
	2006	9	2	0	25	0	
	2006	10	1	0	55	0	
	2006	10	2	0	23	0	
	2006	11	1	0	73	0	
	2006	11	2	0	47	0	
	2006	12	1	0	134	0	
	2006	12	2	0	64	0	
	2006	13	1	0	180	0	
	2006	13	2	0	111	0	
	2006	14	1	0	175	0	
	2006	14	2	0	147	0	
	2006	15	1	0	230	0	
	2006	15	2	0	183	0	
	2006	16	1	0	251	0	
	2006	16	2	0	257	0	
	2006	17	1	1	221	0.004524887	
	2006	17	2	1	319	0.003134796	
	2006	18	1	2	127	0.01574803	
	2006	18	2	2	231	0.008658009	
	2006	19	1	0	55	0	
	2006	19	2	1	91	0.01098901	
	2006	20	1	0	8	0	
	2006	20	2	1	18	0.05555556	
	2007	3	1	0	2	0	
	2007	4	1	0	6	0	
	2007	4	2	0	2	0	
	2007	5	1	0	4	0	
	2007	5	2	0	1	0	
	2007	6	1	0	7	0	
	2007	6	2	0	3	0	
	2007	7	1	0	6	0	
	2007	7	2	0	3	0	
	2007	8	1	0	21	0	
	2007	8	2	0	7	0	
	2007	9	1	0	33	0	
	2007	9	2	0	19	0	
	2007	10	1	0	43	0	
	2007	10	2	0	24	0	
	2007	11	1	0	64	0	
	2007	11	2	0	49	0	
	2007	12	1	0	128	0	
	2007	12	2	0	70	0	
	2007	13	1	0	168	0	
	2007	13	2	0	144	0	
	2007	14	1	0	186	0	
	2007	14	2	0	162	0	
	2007	15	1	0	213	0	
	2007	15	2	0	221	0	
	2007	16	1	1	272	0.003676471	
	2007	16	2	2	288	0.006944444	
	2007	17	1	4	251	0.01593625	
	2007	17	2	0	315	0	
	2007	18	1	0	159	0	
	2007	18	2	0	237	0	
	2007	19	1	0	46	0	
	2007	19	2	0	101	0	
	2007	20	1	0	8	0	
	2007	20	2	2	13	0.1538462	
	2008	2	1	0	1	0	
	2008	3	2	0	2	0	
	2008	4	1	0	1	0	
	2008	5	1	0	3	0	
	2008	5	2	0	3	0	
	2008	6	1	0	1	0	
	2008	6	2	0	5	0	
	2008	7	1	0	13	0	
	2008	7	2	0	9	0	
	2008	8	1	0	20	0	
	2008	8	2	0	8	0	
	2008	9	1	0	44	0	
	2008	9	2	0	25	0	
	2008	10	1	0	41	0	
	2008	10	2	0	44	0	
	2008	11	1	0	92	0	
	2008	11	2	0	47	0	
	2008	12	1	0	138	0	
	2008	12	2	0	82	0	
	2008	13	1	0	205	0	
	2008	13	2	0	136	0	
	2008	14	1	0	217	0	
	2008	14	2	1	150	0.006666667	
	2008	15	1	0	251	0	
	2008	15	2	0	230	0	
	2008	16	1	1	285	0.003508772	
	2008	16	2	1	289	0.003460208	
	2008	17	1	1	252	0.003968254	
	2008	17	2	1	324	0.00308642	
	2008	18	1	1	147	0.006802721	
	2008	18	2	3	253	0.01185771	
	2008	19	1	1	55	0.01818182	
	2008	19	2	1	91	0.01098901	
	2008	20	1	0	13	0	
	2008	20	2	1	27	0.03703704	
	2009	1	1	0	1	0	
	2009	2	1	0	1	0	
	2009	3	1	0	1	0	
	2009	3	2	0	3	0	
	2009	4	1	0	3	0	
	2009	4	2	0	4	0	
	2009	5	1	0	2	0	
	2009	5	2	0	3	0	
	2009	6	1	0	3	0	
	2009	6	2	0	7	0	
	2009	7	1	0	11	0	
	2009	7	2	0	6	0	
	2009	8	1	0	14	0	
	2009	8	2	0	6	0	
	2009	9	1	0	45	0	
	2009	9	2	0	28	0	
	2009	10	1	0	45	0	
	2009	10	2	0	31	0	
	2009	11	1	0	113	0	
	2009	11	2	0	49	0	
	2009	12	1	0	119	0	
	2009	12	2	0	85	0	
	2009	13	1	0	207	0	
	2009	13	2	0	132	0	
	2009	14	1	1	181	0.005524862	
	2009	14	2	0	170	0	
	2009	15	1	1	231	0.004329004	
	2009	15	2	0	194	0	
	2009	16	1	0	256	0	
	2009	16	2	0	264	0	
	2009	17	1	1	214	0.004672897	
	2009	17	2	1	316	0.003164557	
	2009	18	1	0	178	0	
	2009	18	2	0	261	0	
	2009	19	1	0	49	0	
	2009	19	2	0	94	0	
	2009	20	1	0	13	0	
	2009	20	2	0	29	0	
	2010	1	2	0	1	0	
	2010	2	1	0	1	0	
	2010	4	1	0	2	0	
	2010	4	2	0	1	0	
	2010	5	1	0	7	0	
	2010	5	2	0	3	0	
	2010	6	1	0	2	0	
	2010	6	2	0	4	0	
	2010	7	1	0	4	0	
	2010	7	2	0	6	0	
	2010	8	1	0	16	0	
	2010	8	2	0	9	0	
	2010	9	1	0	45	0	
	2010	9	2	0	14	0	
	2010	10	1	0	60	0	
	2010	10	2	0	35	0	
	2010	11	1	0	89	0	
	2010	11	2	0	73	0	
	2010	12	1	0	119	0	
	2010	12	2	0	94	0	
	2010	13	1	0	211	0	
	2010	13	2	1	137	0.00729927	
	2010	14	1	0	243	0	
	2010	14	2	0	214	0	
	2010	15	1	0	237	0	
	2010	15	2	0	223	0	
	2010	16	1	1	267	0.003745318	
	2010	16	2	2	283	0.007067138	
	2010	17	1	0	288	0	
	2010	17	2	1	357	0.00280112	
	2010	18	1	1	162	0.00617284	
	2010	18	2	1	297	0.003367003	
	2010	19	1	1	59	0.01694915	
	2010	19	2	2	104	0.01923077	
	2010	20	1	0	11	0	
	2010	20	2	0	21	0	
	2011	1	2	0	1	0	
	2011	3	2	0	1	0	
	2011	4	1	0	2	0	
	2011	4	2	0	4	0	
	2011	5	1	0	1	0	
	2011	5	2	0	6	0	
	2011	6	1	0	3	0	
	2011	6	2	0	9	0	
	2011	7	1	0	7	0	
	2011	7	2	0	15	0	
	2011	8	1	0	13	0	
	2011	8	2	0	14	0	
	2011	9	1	0	26	0	
	2011	9	2	0	21	0	
	2011	10	1	0	88	0	
	2011	10	2	0	38	0	
	2011	11	1	0	91	0	
	2011	11	2	0	43	0	
	2011	12	1	0	124	0	
	2011	12	2	0	95	0	
	2011	13	1	0	188	0	
	2011	13	2	1	147	0.006802721	
	2011	14	1	0	216	0	
	2011	14	2	0	206	0	
	2011	15	1	1	239	0.0041841	
	2011	15	2	0	249	0	
	2011	16	1	1	241	0.004149378	
	2011	16	2	0	296	0	
	2011	17	1	1	265	0.003773585	
	2011	17	2	3	287	0.01045296	
	2011	18	1	1	177	0.005649718	
	2011	18	2	3	312	0.009615385	
	2011	19	1	1	60	0.01666667	
	2011	19	2	0	101	0	
	2011	20	1	0	5	0	
	2011	20	2	2	26	0.07692308	
	2012	1	1	1	1	1	
	2012	2	2	0	1	0	
	2012	3	1	0	1	0	
	2012	3	2	0	1	0	
	2012	4	1	0	1	0	
	2012	4	2	0	1	0	
	2012	6	1	0	2	0	
	2012	6	2	0	4	0	
	2012	7	1	0	9	0	
	2012	7	2	0	8	0	
	2012	8	1	0	28	0	
	2012	8	2	0	17	0	
	2012	9	1	0	35	0	
	2012	9	2	0	14	0	
	2012	10	1	0	77	0	
	2012	10	2	0	48	0	
	2012	11	1	0	111	0	
	2012	11	2	0	65	0	
	2012	12	1	0	158	0	
	2012	12	2	0	93	0	
	2012	13	1	0	210	0	
	2012	13	2	0	139	0	
	2012	14	1	1	236	0.004237288	
	2012	14	2	0	198	0	
	2012	15	1	0	271	0	
	2012	15	2	0	253	0	
	2012	16	1	1	266	0.003759398	
	2012	16	2	2	289	0.006920415	
	2012	17	1	1	230	0.004347826	
	2012	17	2	3	336	0.008928571	
	2012	18	1	1	177	0.005649718	
	2012	18	2	0	250	0	
	2012	19	1	0	69	0	
	2012	19	2	2	105	0.01904762	
	2012	20	1	0	7	0	
	2012	20	2	0	35	0	
	2013	3	1	0	3	0	
	2013	3	2	0	2	0	
	2013	4	1	0	1	0	
	2013	5	1	0	7	0	
	2013	5	2	0	3	0	
	2013	6	1	0	2	0	
	2013	6	2	0	1	0	
	2013	7	1	0	11	0	
	2013	7	2	0	9	0	
	2013	8	1	0	17	0	
	2013	8	2	0	13	0	
	2013	9	1	0	29	0	
	2013	9	2	0	22	0	
	2013	10	1	0	78	0	
	2013	10	2	0	41	0	
	2013	11	1	0	104	0	
	2013	11	2	0	77	0	
	2013	12	1	0	167	0	
	2013	12	2	0	95	0	
	2013	13	1	0	202	0	
	2013	13	2	0	159	0	
	2013	14	1	0	235	0	
	2013	14	2	0	250	0	
	2013	15	1	0	247	0	
	2013	15	2	2	242	0.008264463	
	2013	16	1	1	298	0.003355705	
	2013	16	2	0	317	0	
	2013	17	1	0	265	0	
	2013	17	2	0	360	0	
	2013	18	1	5	178	0.02808989	
	2013	18	2	4	299	0.01337793	
	2013	19	1	1	67	0.01492537	
	2013	19	2	1	137	0.00729927	
	2013	20	1	0	7	0	
	2013	20	2	0	20	0	

