
	F.2.2.M Offene abdominale OP bei Aortenaneurysma nicht rupturiert, Mortalität // OP abdominale à ciel ouvert en cas d’anévrisme de l’aorte sans rupture, mortalité // OP addominale a cielo aperto in caso di aneurisma aortico senza lacerazione, mortalità
	BAG/OFSP/UFSP - CH-IQI Version V4.0 - Daten 2013 - 27. Juli 2015

	Jahr	AltEGrp	Sex	DeathCH	CasesCH	pCH	
	1998	9	1	0	1	0	
	1998	11	1	0	5	0	
	1998	12	1	0	7	0	
	1998	13	1	0	17	0	
	1998	14	1	0	18	0	
	1998	14	2	0	4	0	
	1998	15	1	1	28	0.03571429	
	1998	15	2	0	2	0	
	1998	16	1	1	20	0.05	
	1998	16	2	0	6	0	
	1998	17	1	1	5	0.2	
	1998	17	2	0	1	0	
	1998	18	1	0	1	0	
	1999	7	2	0	1	0	
	1999	10	1	0	1	0	
	1999	10	2	0	1	0	
	1999	11	1	0	6	0	
	1999	11	2	0	1	0	
	1999	12	1	0	13	0	
	1999	13	1	1	24	0.04166667	
	1999	13	2	0	2	0	
	1999	14	1	0	31	0	
	1999	14	2	0	6	0	
	1999	15	1	2	41	0.04878049	
	1999	15	2	0	4	0	
	1999	16	1	0	42	0	
	1999	16	2	0	8	0	
	1999	17	1	0	12	0	
	1999	18	1	0	3	0	
	1999	18	2	0	1	0	
	1999	19	1	0	1	0	
	2000	1	1	0	1	0	
	2000	8	2	0	1	0	
	2000	9	1	0	1	0	
	2000	10	1	0	3	0	
	2000	10	2	0	1	0	
	2000	11	1	0	11	0	
	2000	11	2	0	1	0	
	2000	12	1	2	24	0.08333333	
	2000	12	2	0	1	0	
	2000	13	1	0	33	0	
	2000	13	2	0	4	0	
	2000	14	1	0	44	0	
	2000	14	2	1	6	0.1666667	
	2000	15	1	3	44	0.06818182	
	2000	15	2	0	11	0	
	2000	16	1	4	49	0.08163265	
	2000	16	2	1	4	0.25	
	2000	17	1	1	12	0.08333333	
	2000	17	2	0	2	0	
	2000	18	1	0	3	0	
	2001	6	1	0	1	0	
	2001	7	2	0	1	0	
	2001	8	1	0	1	0	
	2001	9	1	0	2	0	
	2001	10	1	0	3	0	
	2001	11	1	0	8	0	
	2001	12	1	0	32	0	
	2001	12	2	0	2	0	
	2001	13	1	0	44	0	
	2001	13	2	0	4	0	
	2001	14	1	1	56	0.01785714	
	2001	14	2	1	6	0.1666667	
	2001	15	1	4	51	0.07843137	
	2001	15	2	1	9	0.1111111	
	2001	16	1	3	50	0.06	
	2001	16	2	0	8	0	
	2001	17	1	2	15	0.1333333	
	2001	17	2	1	4	0.25	
	2001	18	1	0	5	0	
	2001	18	2	0	1	0	
	2002	4	1	0	1	0	
	2002	6	1	0	1	0	
	2002	10	1	0	3	0	
	2002	11	1	0	2	0	
	2002	11	2	0	2	0	
	2002	12	1	0	14	0	
	2002	12	2	0	2	0	
	2002	13	1	2	34	0.05882353	
	2002	13	2	0	1	0	
	2002	14	1	5	60	0.08333333	
	2002	14	2	0	5	0	
	2002	15	1	4	60	0.06666667	
	2002	15	2	0	5	0	
	2002	16	1	4	51	0.07843137	
	2002	16	2	0	4	0	
	2002	17	1	0	23	0	
	2002	17	2	1	5	0.2	
	2002	18	1	2	2	1	
	2003	4	2	0	1	0	
	2003	8	1	0	1	0	
	2003	9	1	0	1	0	
	2003	10	1	0	4	0	
	2003	11	1	0	10	0	
	2003	12	1	1	31	0.03225806	
	2003	12	2	0	2	0	
	2003	13	1	1	48	0.02083333	
	2003	13	2	0	5	0	
	2003	14	1	5	69	0.07246377	
	2003	14	2	0	4	0	
	2003	15	1	1	60	0.01666667	
	2003	15	2	1	7	0.1428571	
	2003	16	1	2	53	0.03773585	
	2003	16	2	0	14	0	
	2003	17	1	2	22	0.09090909	
	2003	17	2	0	7	0	
	2003	18	1	1	3	0.3333333	
	2003	18	2	0	1	0	
	2003	19	1	1	1	1	
	2004	5	1	0	1	0	
	2004	6	1	0	1	0	
	2004	8	2	0	1	0	
	2004	10	1	0	5	0	
	2004	11	1	0	6	0	
	2004	11	2	0	2	0	
	2004	12	1	2	26	0.07692308	
	2004	13	1	1	55	0.01818182	
	2004	13	2	0	2	0	
	2004	14	1	3	71	0.04225352	
	2004	14	2	0	7	0	
	2004	15	1	4	78	0.05128205	
	2004	15	2	1	14	0.07142857	
	2004	16	1	5	61	0.08196721	
	2004	16	2	3	13	0.2307692	
	2004	17	1	4	29	0.137931	
	2004	17	2	0	7	0	
	2004	18	1	0	5	0	
	2004	18	2	0	1	0	
	2005	7	1	0	1	0	
	2005	9	1	0	3	0	
	2005	10	1	0	3	0	
	2005	10	2	0	1	0	
	2005	11	1	1	10	0.1	
	2005	12	1	1	35	0.02857143	
	2005	12	2	0	4	0	
	2005	13	1	1	69	0.01449275	
	2005	13	2	1	4	0.25	
	2005	14	1	3	82	0.03658537	
	2005	14	2	0	10	0	
	2005	15	1	2	92	0.02173913	
	2005	15	2	1	13	0.07692308	
	2005	16	1	4	85	0.04705882	
	2005	16	2	0	16	0	
	2005	17	1	1	30	0.03333333	
	2005	17	2	0	4	0	
	2005	18	1	0	7	0	
	2006	7	1	0	1	0	
	2006	8	1	0	2	0	
	2006	9	1	0	2	0	
	2006	10	1	0	2	0	
	2006	11	1	1	14	0.07142857	
	2006	11	2	0	1	0	
	2006	12	1	0	28	0	
	2006	12	2	0	3	0	
	2006	13	1	0	58	0	
	2006	13	2	0	7	0	
	2006	14	1	1	77	0.01298701	
	2006	14	2	0	7	0	
	2006	15	1	3	91	0.03296703	
	2006	15	2	0	15	0	
	2006	16	1	1	69	0.01449275	
	2006	16	2	0	12	0	
	2006	17	1	5	37	0.1351351	
	2006	17	2	0	6	0	
	2006	18	1	0	3	0	
	2006	18	2	0	3	0	
	2007	8	2	0	1	0	
	2007	10	1	0	3	0	
	2007	11	1	0	9	0	
	2007	12	1	1	21	0.04761905	
	2007	12	2	0	5	0	
	2007	13	1	0	52	0	
	2007	13	2	0	8	0	
	2007	14	1	3	68	0.04411765	
	2007	14	2	0	6	0	
	2007	15	1	2	90	0.02222222	
	2007	15	2	0	6	0	
	2007	16	1	2	69	0.02898551	
	2007	16	2	1	14	0.07142857	
	2007	17	1	2	36	0.05555556	
	2007	17	2	1	9	0.1111111	
	2007	18	1	2	8	0.25	
	2007	19	1	0	1	0	
	2008	5	1	0	1	0	
	2008	8	2	0	1	0	
	2008	10	1	0	2	0	
	2008	11	1	0	14	0	
	2008	12	1	0	23	0	
	2008	12	2	0	2	0	
	2008	13	1	1	50	0.02	
	2008	13	2	2	9	0.2222222	
	2008	14	1	2	65	0.03076923	
	2008	14	2	0	7	0	
	2008	15	1	2	87	0.02298851	
	2008	15	2	0	18	0	
	2008	16	1	3	53	0.05660377	
	2008	16	2	1	17	0.05882353	
	2008	17	1	1	30	0.03333333	
	2008	17	2	1	14	0.07142857	
	2008	18	1	0	8	0	
	2008	18	2	1	4	0.25	
	2008	19	1	0	1	0	
	2009	3	1	0	1	0	
	2009	9	1	0	3	0	
	2009	10	1	0	8	0	
	2009	10	2	0	2	0	
	2009	11	1	0	8	0	
	2009	11	2	0	2	0	
	2009	12	1	0	31	0	
	2009	12	2	0	1	0	
	2009	13	1	1	59	0.01694915	
	2009	13	2	1	9	0.1111111	
	2009	14	1	2	77	0.02597403	
	2009	14	2	1	7	0.1428571	
	2009	15	1	2	62	0.03225806	
	2009	15	2	2	25	0.08	
	2009	16	1	2	64	0.03125	
	2009	16	2	1	9	0.1111111	
	2009	17	1	3	18	0.1666667	
	2009	17	2	2	12	0.1666667	
	2009	18	1	0	14	0	
	2009	18	2	0	2	0	
	2009	19	1	0	1	0	
	2010	5	1	0	1	0	
	2010	7	2	0	1	0	
	2010	8	1	1	2	0.5	
	2010	8	2	0	1	0	
	2010	9	1	1	3	0.3333333	
	2010	10	1	1	5	0.2	
	2010	10	2	1	1	1	
	2010	11	1	0	13	0	
	2010	11	2	0	1	0	
	2010	12	1	0	28	0	
	2010	12	2	0	4	0	
	2010	13	1	1	65	0.01538462	
	2010	13	2	1	10	0.1	
	2010	14	1	3	89	0.03370787	
	2010	14	2	0	7	0	
	2010	15	1	2	87	0.02298851	
	2010	15	2	1	19	0.05263158	
	2010	16	1	7	72	0.09722222	
	2010	16	2	1	12	0.08333333	
	2010	17	1	7	24	0.2916667	
	2010	17	2	0	11	0	
	2010	18	1	1	3	0.3333333	
	2010	18	2	0	1	0	
	2010	19	2	0	1	0	
	2011	7	1	0	1	0	
	2011	10	1	0	3	0	
	2011	11	1	0	14	0	
	2011	12	1	0	34	0	
	2011	12	2	0	1	0	
	2011	13	1	2	55	0.03636364	
	2011	13	2	0	5	0	
	2011	14	1	0	78	0	
	2011	14	2	1	9	0.1111111	
	2011	15	1	3	72	0.04166667	
	2011	15	2	0	4	0	
	2011	16	1	3	78	0.03846154	
	2011	16	2	0	15	0	
	2011	17	1	6	39	0.1538462	
	2011	17	2	0	7	0	
	2011	18	1	1	8	0.125	
	2011	18	2	0	2	0	
	2011	19	2	0	1	0	
	2012	9	1	0	1	0	
	2012	10	1	0	3	0	
	2012	10	2	0	1	0	
	2012	11	1	0	11	0	
	2012	11	2	0	1	0	
	2012	12	1	1	32	0.03125	
	2012	12	2	0	2	0	
	2012	13	1	0	36	0	
	2012	13	2	0	5	0	
	2012	14	1	2	65	0.03076923	
	2012	14	2	1	13	0.07692308	
	2012	15	1	2	59	0.03389831	
	2012	15	2	0	11	0	
	2012	16	1	3	65	0.04615385	
	2012	16	2	1	7	0.1428571	
	2012	17	1	1	27	0.03703704	
	2012	17	2	0	10	0	
	2012	18	1	1	8	0.125	
	2012	18	2	0	4	0	
	2012	19	1	0	2	0	
	2012	19	2	0	1	0	
	2013	8	1	0	1	0	
	2013	10	1	0	1	0	
	2013	11	1	0	7	0	
	2013	11	2	0	1	0	
	2013	12	1	0	20	0	
	2013	12	2	0	1	0	
	2013	13	1	0	41	0	
	2013	13	2	1	6	0.1666667	
	2013	14	1	0	77	0	
	2013	14	2	2	7	0.2857143	
	2013	15	1	4	55	0.07272727	
	2013	15	2	1	10	0.1	
	2013	16	1	3	58	0.05172414	
	2013	16	2	0	10	0	
	2013	17	1	2	28	0.07142857	
	2013	17	2	1	9	0.1111111	
	2013	18	1	0	6	0	
	2013	19	1	1	2	0.5	
	2013	19	2	0	1	0	

