
	I.1.2.M Hüft­TEP­Wechsel und Komponentenwechsel, Mortalität // Changement d’EPT de hanche et changement de composants, mortalité // Sostituzione dell’endoprotesi totale dell’anca e sostituzione dei componenti, mortalità
	BAG/OFSP/UFSP - CH-IQI Version V4.0 - Daten 2013 - 27. Juli 2015

	Jahr	AltEGrp	Sex	DeathCH	CasesCH	pCH	
	2004	5	1	0	2	0	
	2004	5	2	0	1	0	
	2004	6	1	0	2	0	
	2004	6	2	0	4	0	
	2004	7	1	0	3	0	
	2004	7	2	0	6	0	
	2004	8	1	0	12	0	
	2004	8	2	0	11	0	
	2004	9	1	0	9	0	
	2004	9	2	0	9	0	
	2004	10	1	0	10	0	
	2004	10	2	0	26	0	
	2004	11	1	0	47	0	
	2004	11	2	0	26	0	
	2004	12	1	0	69	0	
	2004	12	2	0	62	0	
	2004	13	1	0	94	0	
	2004	13	2	0	73	0	
	2004	14	1	1	128	0.0078125	
	2004	14	2	0	134	0	
	2004	15	1	1	185	0.005405405	
	2004	15	2	1	169	0.00591716	
	2004	16	1	3	161	0.01863354	
	2004	16	2	0	177	0	
	2004	17	1	0	105	0	
	2004	17	2	1	184	0.005434783	
	2004	18	1	1	55	0.01818182	
	2004	18	2	0	57	0	
	2004	19	1	0	7	0	
	2004	19	2	0	18	0	
	2004	20	1	0	1	0	
	2004	20	2	0	3	0	
	2005	5	1	0	3	0	
	2005	6	2	0	1	0	
	2005	7	1	0	3	0	
	2005	7	2	0	3	0	
	2005	8	1	0	9	0	
	2005	8	2	0	6	0	
	2005	9	1	0	13	0	
	2005	9	2	0	11	0	
	2005	10	1	0	15	0	
	2005	10	2	0	25	0	
	2005	11	1	0	47	0	
	2005	11	2	0	23	0	
	2005	12	1	0	75	0	
	2005	12	2	0	66	0	
	2005	13	1	0	103	0	
	2005	13	2	0	67	0	
	2005	14	1	0	131	0	
	2005	14	2	0	133	0	
	2005	15	1	0	184	0	
	2005	15	2	1	178	0.005617978	
	2005	16	1	4	164	0.02439024	
	2005	16	2	0	194	0	
	2005	17	1	0	113	0	
	2005	17	2	1	142	0.007042254	
	2005	18	1	3	51	0.05882353	
	2005	18	2	1	79	0.01265823	
	2005	19	1	0	14	0	
	2005	19	2	3	17	0.1764706	
	2005	20	2	0	3	0	
	2006	5	1	0	2	0	
	2006	5	2	0	1	0	
	2006	6	1	0	1	0	
	2006	6	2	0	1	0	
	2006	7	1	0	6	0	
	2006	7	2	0	3	0	
	2006	8	1	0	7	0	
	2006	8	2	0	8	0	
	2006	9	1	0	18	0	
	2006	9	2	0	19	0	
	2006	10	1	0	29	0	
	2006	10	2	0	24	0	
	2006	11	1	0	36	0	
	2006	11	2	0	26	0	
	2006	12	1	0	96	0	
	2006	12	2	1	54	0.01851852	
	2006	13	1	0	110	0	
	2006	13	2	0	94	0	
	2006	14	1	1	124	0.008064516	
	2006	14	2	0	112	0	
	2006	15	1	0	161	0	
	2006	15	2	1	168	0.005952381	
	2006	16	1	0	193	0	
	2006	16	2	2	189	0.01058201	
	2006	17	1	0	112	0	
	2006	17	2	3	143	0.02097902	
	2006	18	1	2	51	0.03921569	
	2006	18	2	3	63	0.04761905	
	2006	19	1	2	12	0.1666667	
	2006	19	2	2	29	0.06896552	
	2006	20	1	0	1	0	
	2006	20	2	1	5	0.2	
	2007	5	1	0	2	0	
	2007	6	1	0	1	0	
	2007	6	2	0	6	0	
	2007	7	1	0	3	0	
	2007	7	2	0	3	0	
	2007	8	1	0	8	0	
	2007	8	2	0	7	0	
	2007	9	1	0	11	0	
	2007	9	2	0	11	0	
	2007	10	1	0	15	0	
	2007	10	2	0	21	0	
	2007	11	1	0	31	0	
	2007	11	2	0	41	0	
	2007	12	1	0	72	0	
	2007	12	2	1	77	0.01298701	
	2007	13	1	1	126	0.007936508	
	2007	13	2	0	110	0	
	2007	14	1	1	127	0.007874016	
	2007	14	2	0	102	0	
	2007	15	1	0	148	0	
	2007	15	2	0	173	0	
	2007	16	1	1	168	0.005952381	
	2007	16	2	1	204	0.004901961	
	2007	17	1	0	125	0	
	2007	17	2	2	160	0.0125	
	2007	18	1	1	54	0.01851852	
	2007	18	2	2	87	0.02298851	
	2007	19	1	0	14	0	
	2007	19	2	1	23	0.04347826	
	2008	5	2	0	1	0	
	2008	6	2	0	3	0	
	2008	7	1	0	5	0	
	2008	7	2	0	5	0	
	2008	8	1	0	9	0	
	2008	8	2	0	8	0	
	2008	9	1	0	22	0	
	2008	9	2	0	13	0	
	2008	10	1	0	36	0	
	2008	10	2	0	30	0	
	2008	11	1	0	50	0	
	2008	11	2	0	47	0	
	2008	12	1	0	103	0	
	2008	12	2	0	66	0	
	2008	13	1	1	145	0.006896552	
	2008	13	2	0	133	0	
	2008	14	1	1	141	0.007092199	
	2008	14	2	2	139	0.01438849	
	2008	15	1	1	189	0.005291005	
	2008	15	2	0	177	0	
	2008	16	1	0	179	0	
	2008	16	2	1	208	0.004807692	
	2008	17	1	4	124	0.03225806	
	2008	17	2	2	183	0.01092896	
	2008	18	1	2	54	0.03703704	
	2008	18	2	4	95	0.04210526	
	2008	19	1	3	21	0.1428571	
	2008	19	2	3	25	0.12	
	2008	20	1	1	4	0.25	
	2008	20	2	0	4	0	
	2009	6	1	0	1	0	
	2009	7	1	0	2	0	
	2009	7	2	0	6	0	
	2009	8	1	0	7	0	
	2009	8	2	0	9	0	
	2009	9	1	0	13	0	
	2009	9	2	0	14	0	
	2009	10	1	0	28	0	
	2009	10	2	0	22	0	
	2009	11	1	0	56	0	
	2009	11	2	0	55	0	
	2009	12	1	0	84	0	
	2009	12	2	0	71	0	
	2009	13	1	0	126	0	
	2009	13	2	0	95	0	
	2009	14	1	1	153	0.006535948	
	2009	14	2	1	148	0.006756757	
	2009	15	1	2	143	0.01398601	
	2009	15	2	1	208	0.004807692	
	2009	16	1	0	174	0	
	2009	16	2	2	201	0.009950249	
	2009	17	1	5	133	0.03759398	
	2009	17	2	6	196	0.03061224	
	2009	18	1	2	60	0.03333333	
	2009	18	2	3	92	0.0326087	
	2009	19	1	1	18	0.05555556	
	2009	19	2	2	32	0.0625	
	2009	20	1	0	1	0	
	2009	20	2	0	9	0	
	2010	5	2	0	1	0	
	2010	6	1	0	4	0	
	2010	6	2	0	5	0	
	2010	7	1	0	6	0	
	2010	7	2	0	2	0	
	2010	8	1	0	10	0	
	2010	8	2	0	6	0	
	2010	9	1	0	15	0	
	2010	9	2	0	21	0	
	2010	10	1	0	39	0	
	2010	10	2	0	27	0	
	2010	11	1	0	50	0	
	2010	11	2	0	51	0	
	2010	12	1	1	93	0.01075269	
	2010	12	2	0	68	0	
	2010	13	1	1	117	0.008547009	
	2010	13	2	0	127	0	
	2010	14	1	0	135	0	
	2010	14	2	0	147	0	
	2010	15	1	1	163	0.006134969	
	2010	15	2	2	197	0.01015228	
	2010	16	1	2	167	0.01197605	
	2010	16	2	1	194	0.005154639	
	2010	17	1	1	135	0.007407407	
	2010	17	2	2	201	0.009950249	
	2010	18	1	4	57	0.07017544	
	2010	18	2	2	85	0.02352941	
	2010	19	1	1	17	0.05882353	
	2010	19	2	0	26	0	
	2010	20	2	2	12	0.1666667	
	2011	5	1	0	2	0	
	2011	5	2	0	1	0	
	2011	6	1	0	2	0	
	2011	6	2	0	4	0	
	2011	7	1	0	2	0	
	2011	7	2	0	1	0	
	2011	8	1	0	10	0	
	2011	8	2	0	9	0	
	2011	9	1	0	13	0	
	2011	9	2	0	17	0	
	2011	10	1	0	37	0	
	2011	10	2	0	27	0	
	2011	11	1	0	61	0	
	2011	11	2	0	53	0	
	2011	12	1	0	81	0	
	2011	12	2	0	81	0	
	2011	13	1	1	143	0.006993007	
	2011	13	2	0	100	0	
	2011	14	1	0	146	0	
	2011	14	2	1	180	0.005555556	
	2011	15	1	2	172	0.01162791	
	2011	15	2	0	171	0	
	2011	16	1	1	209	0.004784689	
	2011	16	2	3	207	0.01449275	
	2011	17	1	6	127	0.04724409	
	2011	17	2	4	178	0.02247191	
	2011	18	1	3	72	0.04166667	
	2011	18	2	2	127	0.01574803	
	2011	19	1	2	17	0.1176471	
	2011	19	2	1	35	0.02857143	
	2011	20	1	0	1	0	
	2011	20	2	0	7	0	
	2012	5	2	0	2	0	
	2012	6	1	0	2	0	
	2012	6	2	0	2	0	
	2012	7	1	0	4	0	
	2012	7	2	0	5	0	
	2012	8	1	0	11	0	
	2012	8	2	0	7	0	
	2012	9	1	0	14	0	
	2012	9	2	0	13	0	
	2012	10	1	0	53	0	
	2012	10	2	0	29	0	
	2012	11	1	0	60	0	
	2012	11	2	0	45	0	
	2012	12	1	1	99	0.01010101	
	2012	12	2	0	63	0	
	2012	13	1	0	127	0	
	2012	13	2	0	118	0	
	2012	14	1	1	169	0.00591716	
	2012	14	2	1	193	0.005181347	
	2012	15	1	2	169	0.01183432	
	2012	15	2	3	203	0.01477833	
	2012	16	1	3	201	0.01492537	
	2012	16	2	2	250	0.008	
	2012	17	1	8	138	0.05797101	
	2012	17	2	5	201	0.02487562	
	2012	18	1	3	72	0.04166667	
	2012	18	2	2	95	0.02105263	
	2012	19	1	2	19	0.1052632	
	2012	19	2	4	42	0.0952381	
	2012	20	1	1	4	0.25	
	2012	20	2	1	4	0.25	
	2013	5	1	0	1	0	
	2013	6	1	0	3	0	
	2013	6	2	0	2	0	
	2013	7	1	0	2	0	
	2013	7	2	0	5	0	
	2013	8	1	0	8	0	
	2013	8	2	0	10	0	
	2013	9	1	0	28	0	
	2013	9	2	0	17	0	
	2013	10	1	0	25	0	
	2013	10	2	0	28	0	
	2013	11	1	0	68	0	
	2013	11	2	0	47	0	
	2013	12	1	0	115	0	
	2013	12	2	0	78	0	
	2013	13	1	0	154	0	
	2013	13	2	0	111	0	
	2013	14	1	1	166	0.006024096	
	2013	14	2	0	152	0	
	2013	15	1	2	175	0.01142857	
	2013	15	2	0	194	0	
	2013	16	1	4	171	0.02339181	
	2013	16	2	1	214	0.004672897	
	2013	17	1	6	146	0.04109589	
	2013	17	2	4	204	0.01960784	
	2013	18	1	2	70	0.02857143	
	2013	18	2	6	131	0.04580153	
	2013	19	1	3	20	0.15	
	2013	19	2	2	56	0.03571429	
	2013	20	1	0	2	0	
	2013	20	2	2	9	0.2222222	

