
	A.3.2.M Katheter der Koronargefässe bei HD Herzinfarkt ohne OP am Herzen (Alter >19), Mortalität // Cathétérisme des vaisseaux coronaires en cas de DP infarctus du myocarde sans OP du cœur (âge >19), mortalité // Catetere dei vasi coronarici in caso di DP infarto miocardico senza OP al cuore (età >19), mortalità
	BAG/OFSP/UFSP - CH-IQI Version V4.0 - Daten 2013 - 27. Juli 2015

	Jahr	AltEGrp	Sex	DeathCH	CasesCH	pCH	
	1998	6	1	0	1	0	
	1998	6	2	0	2	0	
	1998	7	1	0	6	0	
	1998	7	2	0	1	0	
	1998	8	1	0	5	0	
	1998	9	1	0	22	0	
	1998	9	2	0	7	0	
	1998	10	1	0	42	0	
	1998	10	2	0	3	0	
	1998	11	1	0	53	0	
	1998	11	2	1	9	0.1111111	
	1998	12	1	0	56	0	
	1998	12	2	1	7	0.1428571	
	1998	13	1	0	55	0	
	1998	13	2	0	13	0	
	1998	14	1	1	45	0.02222222	
	1998	14	2	0	18	0	
	1998	15	1	1	32	0.03125	
	1998	15	2	0	22	0	
	1998	16	1	0	16	0	
	1998	16	2	0	19	0	
	1998	17	1	1	10	0.1	
	1998	17	2	1	6	0.1666667	
	1998	18	1	0	1	0	
	1998	18	2	0	3	0	
	1999	6	1	0	1	0	
	1999	7	1	0	8	0	
	1999	7	2	0	3	0	
	1999	8	1	1	22	0.04545455	
	1999	8	2	0	1	0	
	1999	9	1	0	37	0	
	1999	9	2	0	8	0	
	1999	10	1	0	82	0	
	1999	10	2	0	17	0	
	1999	11	1	1	115	0.008695652	
	1999	11	2	0	12	0	
	1999	12	1	1	106	0.009433962	
	1999	12	2	0	14	0	
	1999	13	1	3	110	0.02727273	
	1999	13	2	1	27	0.03703704	
	1999	14	1	2	113	0.01769912	
	1999	14	2	1	23	0.04347826	
	1999	15	1	0	94	0	
	1999	15	2	2	33	0.06060606	
	1999	16	1	1	39	0.02564103	
	1999	16	2	0	40	0	
	1999	17	1	0	18	0	
	1999	17	2	0	11	0	
	1999	18	1	0	6	0	
	1999	18	2	0	2	0	
	2000	5	1	0	1	0	
	2000	6	1	0	4	0	
	2000	7	1	0	10	0	
	2000	7	2	0	1	0	
	2000	8	1	0	26	0	
	2000	8	2	0	5	0	
	2000	9	1	1	53	0.01886792	
	2000	9	2	0	13	0	
	2000	10	1	2	81	0.02469136	
	2000	10	2	0	12	0	
	2000	11	1	1	116	0.00862069	
	2000	11	2	0	25	0	
	2000	12	1	2	134	0.01492537	
	2000	12	2	0	20	0	
	2000	13	1	0	109	0	
	2000	13	2	3	29	0.1034483	
	2000	14	1	5	133	0.03759398	
	2000	14	2	3	34	0.08823529	
	2000	15	1	3	113	0.02654867	
	2000	15	2	4	57	0.07017544	
	2000	16	1	4	57	0.07017544	
	2000	16	2	6	45	0.1333333	
	2000	17	1	2	20	0.1	
	2000	17	2	0	19	0	
	2000	18	1	1	8	0.125	
	2000	18	2	3	9	0.3333333	
	2000	19	1	1	2	0.5	
	2000	19	2	0	1	0	
	2001	5	1	0	2	0	
	2001	6	1	0	3	0	
	2001	7	1	0	9	0	
	2001	7	2	0	2	0	
	2001	8	1	0	48	0	
	2001	8	2	0	10	0	
	2001	9	1	0	95	0	
	2001	9	2	0	18	0	
	2001	10	1	1	142	0.007042254	
	2001	10	2	0	21	0	
	2001	11	1	5	210	0.02380952	
	2001	11	2	0	36	0	
	2001	12	1	5	230	0.02173913	
	2001	12	2	1	38	0.02631579	
	2001	13	1	3	199	0.01507538	
	2001	13	2	0	48	0	
	2001	14	1	7	189	0.03703704	
	2001	14	2	5	71	0.07042254	
	2001	15	1	7	151	0.04635762	
	2001	15	2	2	87	0.02298851	
	2001	16	1	10	128	0.078125	
	2001	16	2	11	75	0.1466667	
	2001	17	1	5	55	0.09090909	
	2001	17	2	4	27	0.1481481	
	2001	18	1	0	12	0	
	2001	18	2	2	15	0.1333333	
	2001	19	1	0	2	0	
	2001	19	2	0	3	0	
	2001	20	1	0	2	0	
	2002	5	2	0	1	0	
	2002	6	1	0	3	0	
	2002	6	2	0	1	0	
	2002	7	1	0	20	0	
	2002	7	2	0	2	0	
	2002	8	1	1	57	0.01754386	
	2002	8	2	0	13	0	
	2002	9	1	1	133	0.007518797	
	2002	9	2	0	12	0	
	2002	10	1	0	207	0	
	2002	10	2	0	25	0	
	2002	11	1	1	264	0.003787879	
	2002	11	2	3	38	0.07894737	
	2002	12	1	8	286	0.02797203	
	2002	12	2	0	61	0	
	2002	13	1	4	265	0.01509434	
	2002	13	2	1	55	0.01818182	
	2002	14	1	9	257	0.03501946	
	2002	14	2	3	85	0.03529412	
	2002	15	1	8	211	0.03791469	
	2002	15	2	5	114	0.04385965	
	2002	16	1	14	166	0.08433735	
	2002	16	2	7	100	0.07	
	2002	17	1	3	90	0.03333333	
	2002	17	2	3	48	0.0625	
	2002	18	1	3	25	0.12	
	2002	18	2	2	22	0.09090909	
	2002	19	1	1	3	0.3333333	
	2002	19	2	0	4	0	
	2003	5	1	0	1	0	
	2003	5	2	0	2	0	
	2003	6	1	0	2	0	
	2003	6	2	0	1	0	
	2003	7	1	0	26	0	
	2003	7	2	0	3	0	
	2003	8	1	0	55	0	
	2003	8	2	0	10	0	
	2003	9	1	1	130	0.007692308	
	2003	9	2	0	18	0	
	2003	10	1	2	196	0.01020408	
	2003	10	2	1	22	0.04545455	
	2003	11	1	2	268	0.007462687	
	2003	11	2	2	61	0.03278689	
	2003	12	1	8	297	0.02693603	
	2003	12	2	3	63	0.04761905	
	2003	13	1	7	271	0.02583026	
	2003	13	2	0	65	0	
	2003	14	1	7	257	0.02723735	
	2003	14	2	2	68	0.02941176	
	2003	15	1	7	213	0.03286385	
	2003	15	2	4	118	0.03389831	
	2003	16	1	9	164	0.05487805	
	2003	16	2	9	114	0.07894737	
	2003	17	1	5	79	0.06329114	
	2003	17	2	3	66	0.04545455	
	2003	18	1	6	33	0.1818182	
	2003	18	2	3	17	0.1764706	
	2003	19	1	1	4	0.25	
	2003	19	2	0	6	0	
	2004	6	1	0	6	0	
	2004	6	2	0	2	0	
	2004	7	1	0	22	0	
	2004	7	2	0	5	0	
	2004	8	1	2	59	0.03389831	
	2004	8	2	0	14	0	
	2004	9	1	1	146	0.006849315	
	2004	9	2	0	18	0	
	2004	10	1	1	224	0.004464286	
	2004	10	2	1	36	0.02777778	
	2004	11	1	5	295	0.01694915	
	2004	11	2	0	35	0	
	2004	12	1	5	349	0.01432665	
	2004	12	2	3	81	0.03703704	
	2004	13	1	6	322	0.01863354	
	2004	13	2	4	97	0.04123711	
	2004	14	1	5	291	0.01718213	
	2004	14	2	4	88	0.04545455	
	2004	15	1	8	277	0.02888087	
	2004	15	2	6	123	0.04878049	
	2004	16	1	11	214	0.05140187	
	2004	16	2	5	133	0.03759398	
	2004	17	1	6	121	0.04958678	
	2004	17	2	10	111	0.09009009	
	2004	18	1	3	23	0.1304348	
	2004	18	2	5	32	0.15625	
	2004	19	1	0	4	0	
	2004	19	2	1	2	0.5	
	2005	5	1	0	2	0	
	2005	6	1	0	5	0	
	2005	6	2	0	1	0	
	2005	7	1	0	10	0	
	2005	7	2	0	3	0	
	2005	8	1	0	71	0	
	2005	8	2	0	14	0	
	2005	9	1	1	183	0.005464481	
	2005	9	2	0	19	0	
	2005	10	1	2	248	0.008064516	
	2005	10	2	1	48	0.02083333	
	2005	11	1	10	332	0.03012048	
	2005	11	2	0	51	0	
	2005	12	1	7	454	0.0154185	
	2005	12	2	3	84	0.03571429	
	2005	13	1	10	427	0.0234192	
	2005	13	2	5	110	0.04545455	
	2005	14	1	10	368	0.02717391	
	2005	14	2	2	118	0.01694915	
	2005	15	1	16	336	0.04761905	
	2005	15	2	8	191	0.04188482	
	2005	16	1	8	266	0.03007519	
	2005	16	2	10	148	0.06756757	
	2005	17	1	11	162	0.06790123	
	2005	17	2	10	121	0.08264463	
	2005	18	1	5	48	0.1041667	
	2005	18	2	2	46	0.04347826	
	2005	19	1	1	7	0.1428571	
	2005	19	2	3	12	0.25	
	2006	5	1	0	1	0	
	2006	6	1	0	10	0	
	2006	6	2	0	1	0	
	2006	7	1	0	15	0	
	2006	8	1	1	87	0.01149425	
	2006	8	2	0	11	0	
	2006	9	1	4	236	0.01694915	
	2006	9	2	0	18	0	
	2006	10	1	5	315	0.01587302	
	2006	10	2	1	66	0.01515152	
	2006	11	1	9	487	0.01848049	
	2006	11	2	0	77	0	
	2006	12	1	4	516	0.007751938	
	2006	12	2	3	107	0.02803738	
	2006	13	1	7	583	0.01200686	
	2006	13	2	3	117	0.02564103	
	2006	14	1	10	456	0.02192982	
	2006	14	2	3	138	0.02173913	
	2006	15	1	12	461	0.02603037	
	2006	15	2	6	212	0.02830189	
	2006	16	1	26	382	0.06806283	
	2006	16	2	11	251	0.0438247	
	2006	17	1	15	227	0.0660793	
	2006	17	2	7	159	0.04402516	
	2006	18	1	5	52	0.09615385	
	2006	18	2	4	61	0.06557377	
	2006	19	1	0	14	0	
	2006	19	2	0	3	0	
	2007	5	1	0	2	0	
	2007	5	2	1	1	1	
	2007	6	1	0	9	0	
	2007	6	2	0	3	0	
	2007	7	1	1	24	0.04166667	
	2007	7	2	0	5	0	
	2007	8	1	1	73	0.01369863	
	2007	8	2	0	14	0	
	2007	9	1	1	208	0.004807692	
	2007	9	2	1	33	0.03030303	
	2007	10	1	5	372	0.01344086	
	2007	10	2	0	55	0	
	2007	11	1	7	520	0.01346154	
	2007	11	2	0	89	0	
	2007	12	1	18	661	0.02723147	
	2007	12	2	2	117	0.01709402	
	2007	13	1	15	635	0.02362205	
	2007	13	2	4	181	0.02209945	
	2007	14	1	18	555	0.03243243	
	2007	14	2	6	165	0.03636364	
	2007	15	1	29	523	0.05544933	
	2007	15	2	12	222	0.05405405	
	2007	16	1	20	437	0.04576659	
	2007	16	2	13	246	0.05284553	
	2007	17	1	24	281	0.08540925	
	2007	17	2	22	217	0.1013825	
	2007	18	1	5	90	0.05555556	
	2007	18	2	7	75	0.09333333	
	2007	19	1	1	12	0.08333333	
	2007	19	2	1	8	0.125	
	2007	20	1	0	2	0	
	2007	20	2	0	4	0	
	2008	5	1	0	5	0	
	2008	6	1	0	7	0	
	2008	6	2	0	2	0	
	2008	7	1	0	18	0	
	2008	7	2	0	3	0	
	2008	8	1	0	60	0	
	2008	8	2	0	16	0	
	2008	9	1	3	248	0.01209677	
	2008	9	2	1	34	0.02941176	
	2008	10	1	5	423	0.01182033	
	2008	10	2	2	61	0.03278689	
	2008	11	1	10	536	0.01865672	
	2008	11	2	6	119	0.05042017	
	2008	12	1	10	596	0.01677852	
	2008	12	2	6	124	0.0483871	
	2008	13	1	17	660	0.02575758	
	2008	13	2	4	179	0.02234637	
	2008	14	1	16	573	0.02792321	
	2008	14	2	9	209	0.0430622	
	2008	15	1	19	535	0.03551402	
	2008	15	2	6	253	0.02371542	
	2008	16	1	21	467	0.04496788	
	2008	16	2	15	301	0.04983389	
	2008	17	1	24	279	0.08602151	
	2008	17	2	24	237	0.1012658	
	2008	18	1	10	106	0.09433962	
	2008	18	2	11	99	0.1111111	
	2008	19	1	1	9	0.1111111	
	2008	19	2	1	20	0.05	
	2008	20	1	0	2	0	
	2009	5	1	0	2	0	
	2009	6	1	0	7	0	
	2009	6	2	0	2	0	
	2009	7	1	0	17	0	
	2009	7	2	0	6	0	
	2009	8	1	0	90	0	
	2009	8	2	0	17	0	
	2009	9	1	2	223	0.00896861	
	2009	9	2	1	36	0.02777778	
	2009	10	1	9	444	0.02027027	
	2009	10	2	3	72	0.04166667	
	2009	11	1	12	619	0.01938611	
	2009	11	2	1	111	0.009009009	
	2009	12	1	11	689	0.01596517	
	2009	12	2	0	131	0	
	2009	13	1	17	694	0.02449568	
	2009	13	2	5	166	0.03012048	
	2009	14	1	17	613	0.02773246	
	2009	14	2	10	238	0.04201681	
	2009	15	1	13	567	0.02292769	
	2009	15	2	9	275	0.03272727	
	2009	16	1	25	510	0.04901961	
	2009	16	2	11	292	0.03767123	
	2009	17	1	16	322	0.04968944	
	2009	17	2	17	247	0.06882591	
	2009	18	1	5	123	0.04065041	
	2009	18	2	6	105	0.05714286	
	2009	19	1	1	12	0.08333333	
	2009	19	2	0	15	0	
	2009	20	2	0	1	0	
	2010	5	1	0	4	0	
	2010	6	1	0	8	0	
	2010	6	2	0	2	0	
	2010	7	1	0	28	0	
	2010	7	2	0	11	0	
	2010	8	1	0	96	0	
	2010	8	2	0	10	0	
	2010	9	1	4	247	0.01619433	
	2010	9	2	0	33	0	
	2010	10	1	7	488	0.01434426	
	2010	10	2	2	75	0.02666667	
	2010	11	1	9	697	0.01291248	
	2010	11	2	0	130	0	
	2010	12	1	15	791	0.01896334	
	2010	12	2	4	147	0.02721088	
	2010	13	1	12	877	0.01368301	
	2010	13	2	2	208	0.009615385	
	2010	14	1	30	783	0.03831418	
	2010	14	2	6	238	0.02521008	
	2010	15	1	29	634	0.04574132	
	2010	15	2	11	299	0.0367893	
	2010	16	1	24	592	0.04054054	
	2010	16	2	18	382	0.04712042	
	2010	17	1	32	393	0.08142494	
	2010	17	2	15	303	0.04950495	
	2010	18	1	22	165	0.1333333	
	2010	18	2	7	147	0.04761905	
	2010	19	1	1	20	0.05	
	2010	19	2	2	19	0.1052632	
	2010	20	1	0	2	0	
	2010	20	2	0	2	0	
	2011	5	1	0	1	0	
	2011	5	2	0	1	0	
	2011	6	1	0	2	0	
	2011	6	2	0	3	0	
	2011	7	1	1	17	0.05882353	
	2011	7	2	0	8	0	
	2011	8	1	1	80	0.0125	
	2011	8	2	0	18	0	
	2011	9	1	3	267	0.01123596	
	2011	9	2	0	50	0	
	2011	10	1	7	514	0.01361868	
	2011	10	2	2	81	0.02469136	
	2011	11	1	8	688	0.01162791	
	2011	11	2	1	133	0.007518797	
	2011	12	1	15	795	0.01886792	
	2011	12	2	3	168	0.01785714	
	2011	13	1	17	867	0.01960784	
	2011	13	2	4	236	0.01694915	
	2011	14	1	29	894	0.03243848	
	2011	14	2	7	263	0.02661597	
	2011	15	1	24	673	0.03566122	
	2011	15	2	9	301	0.02990033	
	2011	16	1	38	709	0.05359661	
	2011	16	2	14	385	0.03636364	
	2011	17	1	32	427	0.07494145	
	2011	17	2	20	358	0.05586592	
	2011	18	1	13	176	0.07386364	
	2011	18	2	10	164	0.06097561	
	2011	19	1	3	24	0.125	
	2011	19	2	2	41	0.04878049	
	2011	20	2	0	2	0	
	2012	5	1	0	2	0	
	2012	5	2	0	1	0	
	2012	6	1	0	10	0	
	2012	6	2	0	1	0	
	2012	7	1	0	39	0	
	2012	7	2	0	2	0	
	2012	8	1	1	79	0.01265823	
	2012	8	2	0	13	0	
	2012	9	1	3	254	0.01181102	
	2012	9	2	1	41	0.02439024	
	2012	10	1	7	529	0.01323251	
	2012	10	2	2	91	0.02197802	
	2012	11	1	14	751	0.01864181	
	2012	11	2	2	154	0.01298701	
	2012	12	1	22	836	0.02631579	
	2012	12	2	4	178	0.02247191	
	2012	13	1	18	901	0.0199778	
	2012	13	2	9	251	0.03585657	
	2012	14	1	36	875	0.04114286	
	2012	14	2	7	288	0.02430556	
	2012	15	1	34	787	0.04320203	
	2012	15	2	6	327	0.01834862	
	2012	16	1	30	670	0.04477612	
	2012	16	2	33	408	0.08088235	
	2012	17	1	28	512	0.0546875	
	2012	17	2	21	357	0.05882353	
	2012	18	1	18	216	0.08333333	
	2012	18	2	15	181	0.08287293	
	2012	19	1	4	37	0.1081081	
	2012	19	2	3	24	0.125	
	2012	20	1	2	2	1	
	2012	20	2	0	1	0	
	2013	5	1	0	1	0	
	2013	5	2	0	2	0	
	2013	6	1	0	9	0	
	2013	6	2	0	3	0	
	2013	7	1	0	31	0	
	2013	8	1	0	89	0	
	2013	8	2	0	15	0	
	2013	9	1	3	254	0.01181102	
	2013	9	2	0	47	0	
	2013	10	1	8	532	0.01503759	
	2013	10	2	3	80	0.0375	
	2013	11	1	6	735	0.008163265	
	2013	11	2	3	149	0.02013423	
	2013	12	1	16	903	0.01771872	
	2013	12	2	6	179	0.03351955	
	2013	13	1	14	878	0.01594533	
	2013	13	2	11	253	0.04347826	
	2013	14	1	33	892	0.03699552	
	2013	14	2	10	304	0.03289474	
	2013	15	1	30	809	0.03708282	
	2013	15	2	13	338	0.03846154	
	2013	16	1	32	742	0.04312668	
	2013	16	2	12	382	0.03141361	
	2013	17	1	35	544	0.06433824	
	2013	17	2	23	389	0.05912596	
	2013	18	1	30	247	0.1214575	
	2013	18	2	19	225	0.08444444	
	2013	19	1	3	48	0.0625	
	2013	19	2	4	42	0.0952381	
	2013	20	1	2	6	0.3333333	
	2013	20	2	0	3	0	

