
	D.1.8.M HD Pneumonie, Alter >19, ohne Tumor oder Mukoviszidose, Direktaufnahmen, Mortalität // DP de pneumonie, âge >19, sans tumeur ni mucoviscidose, admissions directes, mortalité // DP polmonite, età >19, senza tumore o mucoviscidosi, ammissioni dirette, mortalità
	BAG/OFSP/UFSP - CH-IQI Version V4.0 - Daten 2013 - 27. Juli 2015

	Jahr	AltEGrp	Sex	DeathCH	CasesCH	pCH	
	1998	5	1	0	50	0	
	1998	5	2	0	35	0	
	1998	6	1	0	59	0	
	1998	6	2	0	56	0	
	1998	7	1	0	108	0	
	1998	7	2	1	84	0.01190476	
	1998	8	1	1	108	0.009259259	
	1998	8	2	0	90	0	
	1998	9	1	1	122	0.008196721	
	1998	9	2	1	69	0.01449275	
	1998	10	1	2	131	0.01526718	
	1998	10	2	3	92	0.0326087	
	1998	11	1	5	161	0.0310559	
	1998	11	2	0	99	0	
	1998	12	1	5	180	0.02777778	
	1998	12	2	1	112	0.008928571	
	1998	13	1	11	230	0.04782609	
	1998	13	2	3	157	0.01910828	
	1998	14	1	10	295	0.03389831	
	1998	14	2	3	182	0.01648352	
	1998	15	1	27	415	0.06506024	
	1998	15	2	9	278	0.0323741	
	1998	16	1	39	511	0.07632094	
	1998	16	2	26	357	0.07282913	
	1998	17	1	40	459	0.08714597	
	1998	17	2	37	447	0.08277405	
	1998	18	1	55	400	0.1375	
	1998	18	2	49	417	0.117506	
	1998	19	1	19	139	0.1366906	
	1998	19	2	26	187	0.1390374	
	1998	20	1	3	16	0.1875	
	1998	20	2	7	56	0.125	
	1999	5	1	0	83	0	
	1999	5	2	1	63	0.01587302	
	1999	6	1	0	93	0	
	1999	6	2	1	87	0.01149425	
	1999	7	1	0	130	0	
	1999	7	2	1	129	0.007751938	
	1999	8	1	3	166	0.01807229	
	1999	8	2	0	157	0	
	1999	9	1	3	153	0.01960784	
	1999	9	2	3	140	0.02142857	
	1999	10	1	1	168	0.005952381	
	1999	10	2	2	104	0.01923077	
	1999	11	1	5	212	0.02358491	
	1999	11	2	1	153	0.006535948	
	1999	12	1	9	240	0.0375	
	1999	12	2	2	163	0.01226994	
	1999	13	1	6	303	0.01980198	
	1999	13	2	4	170	0.02352941	
	1999	14	1	11	422	0.02606635	
	1999	14	2	7	271	0.02583026	
	1999	15	1	33	516	0.06395349	
	1999	15	2	10	330	0.03030303	
	1999	16	1	69	713	0.09677419	
	1999	16	2	22	476	0.04621849	
	1999	17	1	77	674	0.1142433	
	1999	17	2	43	541	0.07948244	
	1999	18	1	71	492	0.1443089	
	1999	18	2	70	555	0.1261261	
	1999	19	1	36	220	0.1636364	
	1999	19	2	28	270	0.1037037	
	1999	20	1	13	41	0.3170732	
	1999	20	2	10	61	0.1639344	
	2000	5	1	0	64	0	
	2000	5	2	0	48	0	
	2000	6	1	0	87	0	
	2000	6	2	0	64	0	
	2000	7	1	3	106	0.02830189	
	2000	7	2	1	124	0.008064516	
	2000	8	1	2	181	0.01104972	
	2000	8	2	0	136	0	
	2000	9	1	3	178	0.01685393	
	2000	9	2	2	110	0.01818182	
	2000	10	1	3	162	0.01851852	
	2000	10	2	1	117	0.008547009	
	2000	11	1	5	212	0.02358491	
	2000	11	2	1	141	0.007092199	
	2000	12	1	9	252	0.03571429	
	2000	12	2	4	172	0.02325581	
	2000	13	1	11	317	0.03470032	
	2000	13	2	7	223	0.03139013	
	2000	14	1	18	444	0.04054054	
	2000	14	2	10	300	0.03333333	
	2000	15	1	34	621	0.0547504	
	2000	15	2	15	356	0.04213483	
	2000	16	1	65	784	0.08290816	
	2000	16	2	37	564	0.06560284	
	2000	17	1	94	736	0.1277174	
	2000	17	2	40	579	0.06908463	
	2000	18	1	71	579	0.1226252	
	2000	18	2	51	620	0.08225806	
	2000	19	1	32	193	0.1658031	
	2000	19	2	42	305	0.1377049	
	2000	20	1	5	30	0.1666667	
	2000	20	2	15	69	0.2173913	
	2001	5	1	0	77	0	
	2001	5	2	0	57	0	
	2001	6	1	0	76	0	
	2001	6	2	1	67	0.01492537	
	2001	7	1	1	113	0.008849558	
	2001	7	2	0	126	0	
	2001	8	1	5	188	0.02659574	
	2001	8	2	1	137	0.00729927	
	2001	9	1	2	186	0.01075269	
	2001	9	2	1	114	0.00877193	
	2001	10	1	2	188	0.0106383	
	2001	10	2	2	115	0.0173913	
	2001	11	1	3	230	0.01304348	
	2001	11	2	0	126	0	
	2001	12	1	9	231	0.03896104	
	2001	12	2	1	193	0.005181347	
	2001	13	1	7	298	0.02348993	
	2001	13	2	3	208	0.01442308	
	2001	14	1	25	409	0.06112469	
	2001	14	2	7	268	0.0261194	
	2001	15	1	25	570	0.04385965	
	2001	15	2	15	375	0.04	
	2001	16	1	51	738	0.06910569	
	2001	16	2	32	484	0.0661157	
	2001	17	1	77	672	0.1145833	
	2001	17	2	46	556	0.08273381	
	2001	18	1	79	535	0.1476636	
	2001	18	2	59	557	0.1059246	
	2001	19	1	51	241	0.2116183	
	2001	19	2	37	291	0.1271478	
	2001	20	1	7	38	0.1842105	
	2001	20	2	11	57	0.1929825	
	2002	5	1	0	70	0	
	2002	5	2	1	53	0.01886792	
	2002	6	1	1	92	0.01086957	
	2002	6	2	1	77	0.01298701	
	2002	7	1	1	119	0.008403361	
	2002	7	2	1	124	0.008064516	
	2002	8	1	1	181	0.005524862	
	2002	8	2	4	145	0.02758621	
	2002	9	1	3	192	0.015625	
	2002	9	2	3	124	0.02419355	
	2002	10	1	5	210	0.02380952	
	2002	10	2	1	125	0.008	
	2002	11	1	5	202	0.02475248	
	2002	11	2	3	169	0.01775148	
	2002	12	1	10	314	0.03184713	
	2002	12	2	4	237	0.01687764	
	2002	13	1	14	352	0.03977273	
	2002	13	2	5	255	0.01960784	
	2002	14	1	21	476	0.04411765	
	2002	14	2	9	322	0.02795031	
	2002	15	1	49	710	0.06901408	
	2002	15	2	16	425	0.03764706	
	2002	16	1	75	837	0.08960573	
	2002	16	2	38	580	0.06551724	
	2002	17	1	95	816	0.1164216	
	2002	17	2	57	661	0.08623298	
	2002	18	1	102	614	0.1661238	
	2002	18	2	82	602	0.1362126	
	2002	19	1	46	270	0.1703704	
	2002	19	2	40	364	0.1098901	
	2002	20	1	21	61	0.3442623	
	2002	20	2	15	95	0.1578947	
	2003	5	1	0	87	0	
	2003	5	2	0	53	0	
	2003	6	1	2	90	0.02222222	
	2003	6	2	2	70	0.02857143	
	2003	7	1	1	136	0.007352941	
	2003	7	2	1	117	0.008547009	
	2003	8	1	0	185	0	
	2003	8	2	2	150	0.01333333	
	2003	9	1	0	191	0	
	2003	9	2	1	162	0.00617284	
	2003	10	1	4	202	0.01980198	
	2003	10	2	2	142	0.01408451	
	2003	11	1	6	265	0.02264151	
	2003	11	2	3	173	0.01734104	
	2003	12	1	6	362	0.01657459	
	2003	12	2	2	224	0.008928571	
	2003	13	1	16	388	0.04123711	
	2003	13	2	2	246	0.008130081	
	2003	14	1	26	470	0.05531915	
	2003	14	2	10	314	0.03184713	
	2003	15	1	38	659	0.05766313	
	2003	15	2	20	443	0.04514673	
	2003	16	1	97	871	0.1113662	
	2003	16	2	42	580	0.07241379	
	2003	17	1	104	803	0.1295143	
	2003	17	2	65	758	0.08575198	
	2003	18	1	97	651	0.1490015	
	2003	18	2	77	616	0.125	
	2003	19	1	57	320	0.178125	
	2003	19	2	51	355	0.143662	
	2003	20	1	8	50	0.16	
	2003	20	2	20	90	0.2222222	
	2004	5	1	0	68	0	
	2004	5	2	0	47	0	
	2004	6	1	0	67	0	
	2004	6	2	1	59	0.01694915	
	2004	7	1	0	149	0	
	2004	7	2	0	107	0	
	2004	8	1	0	204	0	
	2004	8	2	1	152	0.006578947	
	2004	9	1	2	201	0.009950249	
	2004	9	2	1	157	0.006369427	
	2004	10	1	4	225	0.01777778	
	2004	10	2	3	134	0.02238806	
	2004	11	1	4	221	0.01809955	
	2004	11	2	0	157	0	
	2004	12	1	7	333	0.02102102	
	2004	12	2	4	228	0.01754386	
	2004	13	1	11	391	0.02813299	
	2004	13	2	8	293	0.02730375	
	2004	14	1	31	499	0.06212425	
	2004	14	2	19	359	0.05292479	
	2004	15	1	47	700	0.06714286	
	2004	15	2	14	424	0.03301887	
	2004	16	1	77	862	0.08932715	
	2004	16	2	41	619	0.06623586	
	2004	17	1	80	900	0.08888889	
	2004	17	2	71	792	0.08964646	
	2004	18	1	88	616	0.1428571	
	2004	18	2	63	619	0.1017771	
	2004	19	1	41	294	0.1394558	
	2004	19	2	51	383	0.1331593	
	2004	20	1	13	57	0.2280702	
	2004	20	2	23	102	0.2254902	
	2005	5	1	0	91	0	
	2005	5	2	1	63	0.01587302	
	2005	6	1	0	102	0	
	2005	6	2	0	95	0	
	2005	7	1	1	141	0.007092199	
	2005	7	2	2	131	0.01526718	
	2005	8	1	0	195	0	
	2005	8	2	2	201	0.009950249	
	2005	9	1	1	238	0.004201681	
	2005	9	2	4	219	0.01826484	
	2005	10	1	3	216	0.01388889	
	2005	10	2	1	194	0.005154639	
	2005	11	1	4	275	0.01454545	
	2005	11	2	0	189	0	
	2005	12	1	4	347	0.01152738	
	2005	12	2	6	227	0.02643172	
	2005	13	1	15	398	0.03768844	
	2005	13	2	2	324	0.00617284	
	2005	14	1	22	544	0.04044118	
	2005	14	2	6	375	0.016	
	2005	15	1	38	724	0.05248619	
	2005	15	2	21	497	0.04225352	
	2005	16	1	68	934	0.07280514	
	2005	16	2	31	683	0.04538799	
	2005	17	1	95	1006	0.0944334	
	2005	17	2	58	827	0.07013301	
	2005	18	1	89	729	0.122085	
	2005	18	2	66	669	0.09865471	
	2005	19	1	54	333	0.1621622	
	2005	19	2	58	416	0.1394231	
	2005	20	1	12	75	0.16	
	2005	20	2	18	101	0.1782178	
	2006	5	1	0	99	0	
	2006	5	2	1	61	0.01639344	
	2006	6	1	0	87	0	
	2006	6	2	0	94	0	
	2006	7	1	0	101	0	
	2006	7	2	1	122	0.008196721	
	2006	8	1	1	152	0.006578947	
	2006	8	2	1	157	0.006369427	
	2006	9	1	0	248	0	
	2006	9	2	1	154	0.006493506	
	2006	10	1	1	219	0.00456621	
	2006	10	2	1	164	0.006097561	
	2006	11	1	4	232	0.01724138	
	2006	11	2	4	182	0.02197802	
	2006	12	1	5	296	0.01689189	
	2006	12	2	6	243	0.02469136	
	2006	13	1	10	412	0.02427184	
	2006	13	2	4	266	0.01503759	
	2006	14	1	19	459	0.04139434	
	2006	14	2	7	370	0.01891892	
	2006	15	1	25	653	0.03828484	
	2006	15	2	18	414	0.04347826	
	2006	16	1	54	826	0.0653753	
	2006	16	2	31	614	0.0504886	
	2006	17	1	90	966	0.0931677	
	2006	17	2	58	745	0.07785235	
	2006	18	1	78	672	0.1160714	
	2006	18	2	51	615	0.08292683	
	2006	19	1	41	337	0.1216617	
	2006	19	2	38	398	0.09547739	
	2006	20	1	12	71	0.1690141	
	2006	20	2	13	107	0.1214953	
	2007	5	1	0	77	0	
	2007	5	2	0	80	0	
	2007	6	1	1	97	0.01030928	
	2007	6	2	0	58	0	
	2007	7	1	0	118	0	
	2007	7	2	0	114	0	
	2007	8	1	0	170	0	
	2007	8	2	0	157	0	
	2007	9	1	3	213	0.01408451	
	2007	9	2	2	205	0.009756098	
	2007	10	1	2	242	0.008264463	
	2007	10	2	0	157	0	
	2007	11	1	3	297	0.01010101	
	2007	11	2	2	191	0.0104712	
	2007	12	1	7	320	0.021875	
	2007	12	2	3	226	0.01327434	
	2007	13	1	14	445	0.03146067	
	2007	13	2	7	368	0.01902174	
	2007	14	1	17	495	0.03434343	
	2007	14	2	10	411	0.0243309	
	2007	15	1	43	720	0.05972222	
	2007	15	2	18	471	0.03821656	
	2007	16	1	60	878	0.06833713	
	2007	16	2	23	684	0.03362573	
	2007	17	1	84	969	0.08668731	
	2007	17	2	69	843	0.08185053	
	2007	18	1	72	768	0.09375	
	2007	18	2	67	738	0.09078591	
	2007	19	1	33	343	0.09620991	
	2007	19	2	45	430	0.1046512	
	2007	20	1	11	65	0.1692308	
	2007	20	2	16	119	0.1344538	
	2008	5	1	0	60	0	
	2008	5	2	0	47	0	
	2008	6	1	0	69	0	
	2008	6	2	1	74	0.01351351	
	2008	7	1	0	104	0	
	2008	7	2	3	100	0.03	
	2008	8	1	0	188	0	
	2008	8	2	1	173	0.005780347	
	2008	9	1	0	231	0	
	2008	9	2	1	172	0.005813953	
	2008	10	1	3	254	0.01181102	
	2008	10	2	3	177	0.01694915	
	2008	11	1	5	280	0.01785714	
	2008	11	2	6	195	0.03076923	
	2008	12	1	6	359	0.01671309	
	2008	12	2	5	274	0.01824818	
	2008	13	1	14	474	0.02953586	
	2008	13	2	11	386	0.02849741	
	2008	14	1	18	590	0.03050847	
	2008	14	2	14	415	0.03373494	
	2008	15	1	42	778	0.05398458	
	2008	15	2	23	481	0.04781705	
	2008	16	1	56	990	0.05656566	
	2008	16	2	35	722	0.04847645	
	2008	17	1	76	1008	0.07539683	
	2008	17	2	51	889	0.05736783	
	2008	18	1	106	863	0.1228273	
	2008	18	2	60	773	0.07761966	
	2008	19	1	53	347	0.1527378	
	2008	19	2	47	380	0.1236842	
	2008	20	1	8	96	0.08333333	
	2008	20	2	24	128	0.1875	
	2009	5	1	0	105	0	
	2009	5	2	0	69	0	
	2009	6	1	0	99	0	
	2009	6	2	0	87	0	
	2009	7	1	0	122	0	
	2009	7	2	0	138	0	
	2009	8	1	3	178	0.01685393	
	2009	8	2	0	180	0	
	2009	9	1	2	214	0.009345794	
	2009	9	2	2	202	0.00990099	
	2009	10	1	3	298	0.01006711	
	2009	10	2	2	202	0.00990099	
	2009	11	1	2	340	0.005882353	
	2009	11	2	3	245	0.0122449	
	2009	12	1	4	336	0.01190476	
	2009	12	2	1	275	0.003636364	
	2009	13	1	13	550	0.02363636	
	2009	13	2	5	420	0.01190476	
	2009	14	1	23	625	0.0368	
	2009	14	2	13	466	0.027897	
	2009	15	1	37	764	0.04842932	
	2009	15	2	22	562	0.03914591	
	2009	16	1	68	987	0.06889564	
	2009	16	2	28	730	0.03835616	
	2009	17	1	86	1112	0.07733813	
	2009	17	2	63	912	0.06907895	
	2009	18	1	98	948	0.1033755	
	2009	18	2	69	801	0.08614232	
	2009	19	1	55	378	0.1455026	
	2009	19	2	59	467	0.1263383	
	2009	20	1	14	102	0.1372549	
	2009	20	2	23	140	0.1642857	
	2010	5	1	2	105	0.01904762	
	2010	5	2	0	66	0	
	2010	6	1	0	93	0	
	2010	6	2	0	89	0	
	2010	7	1	0	106	0	
	2010	7	2	2	116	0.01724138	
	2010	8	1	0	173	0	
	2010	8	2	0	162	0	
	2010	9	1	1	212	0.004716981	
	2010	9	2	0	225	0	
	2010	10	1	2	272	0.007352941	
	2010	10	2	1	196	0.005102041	
	2010	11	1	3	291	0.01030928	
	2010	11	2	4	254	0.01574803	
	2010	12	1	4	369	0.01084011	
	2010	12	2	4	271	0.01476015	
	2010	13	1	6	467	0.01284797	
	2010	13	2	3	418	0.007177033	
	2010	14	1	12	637	0.0188383	
	2010	14	2	10	435	0.02298851	
	2010	15	1	25	743	0.03364738	
	2010	15	2	17	490	0.03469388	
	2010	16	1	44	1006	0.04373757	
	2010	16	2	26	657	0.03957382	
	2010	17	1	82	1071	0.07656396	
	2010	17	2	61	857	0.07117853	
	2010	18	1	77	834	0.09232614	
	2010	18	2	58	823	0.07047388	
	2010	19	1	41	380	0.1078947	
	2010	19	2	46	395	0.1164557	
	2010	20	1	20	112	0.1785714	
	2010	20	2	19	123	0.1544715	
	2011	5	1	0	92	0	
	2011	5	2	1	75	0.01333333	
	2011	6	1	1	103	0.009708738	
	2011	6	2	1	90	0.01111111	
	2011	7	1	1	120	0.008333333	
	2011	7	2	0	133	0	
	2011	8	1	1	170	0.005882353	
	2011	8	2	0	167	0	
	2011	9	1	1	276	0.003623188	
	2011	9	2	0	177	0	
	2011	10	1	2	277	0.007220217	
	2011	10	2	3	221	0.01357466	
	2011	11	1	8	338	0.02366864	
	2011	11	2	1	235	0.004255319	
	2011	12	1	2	372	0.005376344	
	2011	12	2	3	293	0.01023891	
	2011	13	1	12	457	0.02625821	
	2011	13	2	11	415	0.02650602	
	2011	14	1	21	684	0.03070175	
	2011	14	2	12	496	0.02419355	
	2011	15	1	27	761	0.03547963	
	2011	15	2	15	491	0.0305499	
	2011	16	1	64	1079	0.05931418	
	2011	16	2	22	707	0.0311174	
	2011	17	1	81	1070	0.07570093	
	2011	17	2	49	921	0.05320304	
	2011	18	1	88	899	0.09788654	
	2011	18	2	79	840	0.09404762	
	2011	19	1	44	418	0.1052632	
	2011	19	2	44	442	0.09954751	
	2011	20	1	16	82	0.195122	
	2011	20	2	24	151	0.1589404	
	2012	5	1	1	86	0.01162791	
	2012	5	2	0	60	0	
	2012	6	1	0	71	0	
	2012	6	2	1	73	0.01369863	
	2012	7	1	0	104	0	
	2012	7	2	1	108	0.009259259	
	2012	8	1	2	150	0.01333333	
	2012	8	2	0	156	0	
	2012	9	1	3	182	0.01648352	
	2012	9	2	1	175	0.005714286	
	2012	10	1	2	268	0.007462687	
	2012	10	2	4	174	0.02298851	
	2012	11	1	2	306	0.006535948	
	2012	11	2	5	220	0.02272727	
	2012	12	1	7	355	0.01971831	
	2012	12	2	6	269	0.02230483	
	2012	13	1	10	492	0.0203252	
	2012	13	2	9	363	0.02479339	
	2012	14	1	18	677	0.02658789	
	2012	14	2	10	463	0.02159827	
	2012	15	1	30	845	0.03550296	
	2012	15	2	10	519	0.01926782	
	2012	16	1	49	1070	0.04579439	
	2012	16	2	19	709	0.02679831	
	2012	17	1	83	1230	0.06747967	
	2012	17	2	60	942	0.06369427	
	2012	18	1	92	960	0.09583333	
	2012	18	2	78	921	0.08469055	
	2012	19	1	52	495	0.1050505	
	2012	19	2	42	495	0.08484848	
	2012	20	1	16	109	0.146789	
	2012	20	2	26	159	0.163522	
	2013	5	1	0	63	0	
	2013	5	2	0	44	0	
	2013	6	1	0	66	0	
	2013	6	2	0	72	0	
	2013	7	1	0	99	0	
	2013	7	2	0	112	0	
	2013	8	1	0	161	0	
	2013	8	2	1	138	0.007246377	
	2013	9	1	2	199	0.01005025	
	2013	9	2	0	180	0	
	2013	10	1	6	243	0.02469136	
	2013	10	2	0	160	0	
	2013	11	1	5	318	0.01572327	
	2013	11	2	3	230	0.01304348	
	2013	12	1	5	387	0.0129199	
	2013	12	2	1	293	0.003412969	
	2013	13	1	11	499	0.02204409	
	2013	13	2	5	354	0.01412429	
	2013	14	1	16	675	0.0237037	
	2013	14	2	11	513	0.0214425	
	2013	15	1	19	892	0.02130045	
	2013	15	2	17	575	0.02956522	
	2013	16	1	49	1060	0.04622642	
	2013	16	2	35	789	0.04435995	
	2013	17	1	92	1244	0.07395498	
	2013	17	2	50	992	0.05040323	
	2013	18	1	81	1006	0.0805169	
	2013	18	2	69	1015	0.0679803	
	2013	19	1	47	511	0.09197652	
	2013	19	2	53	621	0.08534622	
	2013	20	1	15	111	0.1351351	
	2013	20	2	19	169	0.112426	

