
	J.2.1.M HD Sepsis, Mortalität // DP états septiques, mortalité // DP sepsi, mortalità
	BAG/OFSP/UFSP - CH-IQI Version V4.0 - Daten 2013 - 27. Juli 2015

	Jahr	AltEGrp	Sex	DeathCH	CasesCH	pCH	
	1998	1	1	1	33	0.03030303	
	1998	1	2	0	15	0	
	1998	2	1	0	5	0	
	1998	2	2	0	2	0	
	1998	3	2	0	1	0	
	1998	4	1	0	2	0	
	1998	4	2	0	3	0	
	1998	5	1	0	5	0	
	1998	5	2	0	8	0	
	1998	6	1	0	10	0	
	1998	6	2	0	8	0	
	1998	7	1	1	19	0.05263158	
	1998	7	2	0	8	0	
	1998	8	1	3	19	0.1578947	
	1998	8	2	2	13	0.1538462	
	1998	9	1	4	23	0.173913	
	1998	9	2	2	13	0.1538462	
	1998	10	1	3	20	0.15	
	1998	10	2	2	18	0.1111111	
	1998	11	1	6	32	0.1875	
	1998	11	2	1	17	0.05882353	
	1998	12	1	8	36	0.2222222	
	1998	12	2	4	36	0.1111111	
	1998	13	1	12	62	0.1935484	
	1998	13	2	6	39	0.1538462	
	1998	14	1	13	65	0.2	
	1998	14	2	9	60	0.15	
	1998	15	1	22	81	0.2716049	
	1998	15	2	14	79	0.1772152	
	1998	16	1	30	93	0.3225806	
	1998	16	2	15	73	0.2054795	
	1998	17	1	13	47	0.2765957	
	1998	17	2	21	71	0.2957746	
	1998	18	1	19	55	0.3454545	
	1998	18	2	18	60	0.3	
	1998	19	1	5	19	0.2631579	
	1998	19	2	4	23	0.173913	
	1998	20	1	1	2	0.5	
	1998	20	2	0	4	0	
	1999	1	1	0	20	0	
	1999	1	2	1	20	0.05	
	1999	2	1	1	6	0.1666667	
	1999	2	2	0	2	0	
	1999	3	1	0	5	0	
	1999	3	2	0	3	0	
	1999	4	1	0	6	0	
	1999	4	2	0	10	0	
	1999	5	1	0	9	0	
	1999	5	2	1	9	0.1111111	
	1999	6	1	1	13	0.07692308	
	1999	6	2	1	13	0.07692308	
	1999	7	1	1	23	0.04347826	
	1999	7	2	1	14	0.07142857	
	1999	8	1	6	25	0.24	
	1999	8	2	2	21	0.0952381	
	1999	9	1	4	24	0.1666667	
	1999	9	2	3	13	0.2307692	
	1999	10	1	2	35	0.05714286	
	1999	10	2	1	17	0.05882353	
	1999	11	1	9	40	0.225	
	1999	11	2	5	26	0.1923077	
	1999	12	1	8	54	0.1481481	
	1999	12	2	4	33	0.1212121	
	1999	13	1	18	63	0.2857143	
	1999	13	2	9	45	0.2	
	1999	14	1	19	116	0.1637931	
	1999	14	2	16	74	0.2162162	
	1999	15	1	27	120	0.225	
	1999	15	2	25	110	0.2272727	
	1999	16	1	30	119	0.2521008	
	1999	16	2	30	117	0.2564103	
	1999	17	1	24	97	0.2474227	
	1999	17	2	34	100	0.34	
	1999	18	1	18	57	0.3157895	
	1999	18	2	21	63	0.3333333	
	1999	19	1	13	26	0.5	
	1999	19	2	11	28	0.3928571	
	1999	20	1	1	2	0.5	
	1999	20	2	4	9	0.4444444	
	2000	1	1	1	55	0.01818182	
	2000	1	2	1	35	0.02857143	
	2000	2	1	2	6	0.3333333	
	2000	2	2	0	4	0	
	2000	3	1	1	5	0.2	
	2000	3	2	0	2	0	
	2000	4	1	0	6	0	
	2000	4	2	0	10	0	
	2000	5	1	0	11	0	
	2000	5	2	1	15	0.06666667	
	2000	6	1	0	7	0	
	2000	6	2	0	16	0	
	2000	7	1	3	18	0.1666667	
	2000	7	2	0	19	0	
	2000	8	1	5	25	0.2	
	2000	8	2	3	23	0.1304348	
	2000	9	1	3	22	0.1363636	
	2000	9	2	6	19	0.3157895	
	2000	10	1	6	41	0.1463415	
	2000	10	2	3	22	0.1363636	
	2000	11	1	7	50	0.14	
	2000	11	2	6	26	0.2307692	
	2000	12	1	14	62	0.2258065	
	2000	12	2	14	45	0.3111111	
	2000	13	1	27	89	0.3033708	
	2000	13	2	11	54	0.2037037	
	2000	14	1	34	145	0.2344828	
	2000	14	2	24	86	0.2790698	
	2000	15	1	40	146	0.2739726	
	2000	15	2	23	87	0.2643678	
	2000	16	1	42	124	0.3387097	
	2000	16	2	39	134	0.2910448	
	2000	17	1	46	118	0.3898305	
	2000	17	2	30	96	0.3125	
	2000	18	1	12	51	0.2352941	
	2000	18	2	40	94	0.4255319	
	2000	19	1	10	23	0.4347826	
	2000	19	2	8	26	0.3076923	
	2000	20	1	1	3	0.3333333	
	2000	20	2	2	4	0.5	
	2001	1	1	2	53	0.03773585	
	2001	1	2	3	37	0.08108108	
	2001	2	1	0	10	0	
	2001	2	2	0	2	0	
	2001	3	1	0	6	0	
	2001	3	2	0	3	0	
	2001	4	1	0	9	0	
	2001	4	2	2	9	0.2222222	
	2001	5	1	0	11	0	
	2001	5	2	0	13	0	
	2001	6	1	1	14	0.07142857	
	2001	6	2	2	16	0.125	
	2001	7	1	5	30	0.1666667	
	2001	7	2	0	22	0	
	2001	8	1	3	23	0.1304348	
	2001	8	2	4	33	0.1212121	
	2001	9	1	7	39	0.1794872	
	2001	9	2	4	25	0.16	
	2001	10	1	9	36	0.25	
	2001	10	2	2	32	0.0625	
	2001	11	1	10	50	0.2	
	2001	11	2	9	39	0.2307692	
	2001	12	1	11	81	0.1358025	
	2001	12	2	9	65	0.1384615	
	2001	13	1	25	109	0.2293578	
	2001	13	2	11	65	0.1692308	
	2001	14	1	30	143	0.2097902	
	2001	14	2	16	102	0.1568627	
	2001	15	1	43	160	0.26875	
	2001	15	2	38	135	0.2814815	
	2001	16	1	57	199	0.2864322	
	2001	16	2	48	167	0.2874251	
	2001	17	1	56	141	0.3971631	
	2001	17	2	53	141	0.3758865	
	2001	18	1	40	96	0.4166667	
	2001	18	2	33	116	0.2844828	
	2001	19	1	11	29	0.3793103	
	2001	19	2	18	45	0.4	
	2001	20	1	0	6	0	
	2001	20	2	1	5	0.2	
	2002	1	1	2	48	0.04166667	
	2002	1	2	0	21	0	
	2002	2	1	0	5	0	
	2002	2	2	3	8	0.375	
	2002	3	1	1	5	0.2	
	2002	3	2	1	3	0.3333333	
	2002	4	1	0	10	0	
	2002	4	2	0	9	0	
	2002	5	1	0	8	0	
	2002	5	2	1	18	0.05555556	
	2002	6	1	1	14	0.07142857	
	2002	6	2	2	26	0.07692308	
	2002	7	1	3	26	0.1153846	
	2002	7	2	1	20	0.05	
	2002	8	1	5	35	0.1428571	
	2002	8	2	2	37	0.05405405	
	2002	9	1	11	40	0.275	
	2002	9	2	7	26	0.2692308	
	2002	10	1	12	50	0.24	
	2002	10	2	7	36	0.1944444	
	2002	11	1	19	59	0.3220339	
	2002	11	2	9	53	0.1698113	
	2002	12	1	33	101	0.3267327	
	2002	12	2	3	56	0.05357143	
	2002	13	1	32	128	0.25	
	2002	13	2	17	71	0.2394366	
	2002	14	1	40	175	0.2285714	
	2002	14	2	19	112	0.1696429	
	2002	15	1	52	206	0.2524272	
	2002	15	2	35	134	0.261194	
	2002	16	1	58	203	0.2857143	
	2002	16	2	58	218	0.266055	
	2002	17	1	52	173	0.300578	
	2002	17	2	52	183	0.284153	
	2002	18	1	33	106	0.3113208	
	2002	18	2	45	130	0.3461538	
	2002	19	1	17	46	0.3695652	
	2002	19	2	25	53	0.4716981	
	2002	20	1	3	7	0.4285714	
	2002	20	2	0	4	0	
	2003	1	1	2	52	0.03846154	
	2003	1	2	2	37	0.05405405	
	2003	2	1	0	9	0	
	2003	2	2	0	8	0	
	2003	3	1	0	7	0	
	2003	3	2	1	12	0.08333333	
	2003	4	1	0	7	0	
	2003	4	2	1	9	0.1111111	
	2003	5	1	0	9	0	
	2003	5	2	0	22	0	
	2003	6	1	1	11	0.09090909	
	2003	6	2	0	27	0	
	2003	7	1	3	29	0.1034483	
	2003	7	2	3	35	0.08571429	
	2003	8	1	5	38	0.1315789	
	2003	8	2	2	25	0.08	
	2003	9	1	6	45	0.1333333	
	2003	9	2	5	36	0.1388889	
	2003	10	1	17	62	0.2741935	
	2003	10	2	8	49	0.1632653	
	2003	11	1	20	71	0.2816901	
	2003	11	2	11	55	0.2	
	2003	12	1	24	112	0.2142857	
	2003	12	2	25	95	0.2631579	
	2003	13	1	32	139	0.2302158	
	2003	13	2	15	84	0.1785714	
	2003	14	1	53	188	0.2819149	
	2003	14	2	26	121	0.214876	
	2003	15	1	70	208	0.3365385	
	2003	15	2	40	158	0.2531646	
	2003	16	1	73	220	0.3318182	
	2003	16	2	66	245	0.2693878	
	2003	17	1	65	170	0.3823529	
	2003	17	2	61	218	0.2798165	
	2003	18	1	32	102	0.3137255	
	2003	18	2	50	126	0.3968254	
	2003	19	1	17	55	0.3090909	
	2003	19	2	23	59	0.3898305	
	2003	20	1	2	4	0.5	
	2003	20	2	9	19	0.4736842	
	2004	1	1	2	37	0.05405405	
	2004	1	2	1	30	0.03333333	
	2004	2	1	0	10	0	
	2004	2	2	0	3	0	
	2004	3	1	0	9	0	
	2004	3	2	1	6	0.1666667	
	2004	4	1	0	7	0	
	2004	4	2	0	11	0	
	2004	5	1	1	11	0.09090909	
	2004	5	2	1	11	0.09090909	
	2004	6	1	1	15	0.06666667	
	2004	6	2	0	15	0	
	2004	7	1	2	28	0.07142857	
	2004	7	2	2	38	0.05263158	
	2004	8	1	4	54	0.07407407	
	2004	8	2	4	45	0.08888889	
	2004	9	1	4	53	0.0754717	
	2004	9	2	1	29	0.03448276	
	2004	10	1	17	64	0.265625	
	2004	10	2	2	38	0.05263158	
	2004	11	1	9	64	0.140625	
	2004	11	2	6	46	0.1304348	
	2004	12	1	21	110	0.1909091	
	2004	12	2	11	77	0.1428571	
	2004	13	1	32	168	0.1904762	
	2004	13	2	16	125	0.128	
	2004	14	1	51	188	0.2712766	
	2004	14	2	22	121	0.1818182	
	2004	15	1	53	231	0.2294372	
	2004	15	2	47	156	0.3012821	
	2004	16	1	63	226	0.2787611	
	2004	16	2	51	216	0.2361111	
	2004	17	1	60	205	0.2926829	
	2004	17	2	59	217	0.2718894	
	2004	18	1	41	103	0.3980583	
	2004	18	2	32	138	0.2318841	
	2004	19	1	26	48	0.5416667	
	2004	19	2	24	60	0.4	
	2004	20	1	5	8	0.625	
	2004	20	2	3	8	0.375	
	2005	1	1	3	39	0.07692308	
	2005	1	2	2	34	0.05882353	
	2005	2	1	0	10	0	
	2005	2	2	1	5	0.2	
	2005	3	1	0	6	0	
	2005	3	2	0	2	0	
	2005	4	1	0	10	0	
	2005	4	2	0	20	0	
	2005	5	1	1	8	0.125	
	2005	5	2	0	22	0	
	2005	6	1	1	20	0.05	
	2005	6	2	3	23	0.1304348	
	2005	7	1	1	25	0.04	
	2005	7	2	3	56	0.05357143	
	2005	8	1	5	49	0.1020408	
	2005	8	2	8	41	0.195122	
	2005	9	1	7	51	0.1372549	
	2005	9	2	5	48	0.1041667	
	2005	10	1	15	85	0.1764706	
	2005	10	2	10	49	0.2040816	
	2005	11	1	14	92	0.1521739	
	2005	11	2	5	52	0.09615385	
	2005	12	1	13	118	0.1101695	
	2005	12	2	9	85	0.1058824	
	2005	13	1	39	151	0.2582781	
	2005	13	2	17	101	0.1683168	
	2005	14	1	45	232	0.1939655	
	2005	14	2	28	127	0.2204724	
	2005	15	1	62	249	0.248996	
	2005	15	2	34	173	0.1965318	
	2005	16	1	59	263	0.2243346	
	2005	16	2	53	255	0.2078431	
	2005	17	1	80	241	0.3319502	
	2005	17	2	79	283	0.2791519	
	2005	18	1	55	157	0.3503185	
	2005	18	2	54	157	0.343949	
	2005	19	1	21	62	0.3387097	
	2005	19	2	18	57	0.3157895	
	2005	20	1	2	9	0.2222222	
	2005	20	2	8	16	0.5	
	2006	1	1	1	45	0.02222222	
	2006	1	2	1	30	0.03333333	
	2006	2	1	0	6	0	
	2006	2	2	1	8	0.125	
	2006	3	1	0	9	0	
	2006	3	2	1	7	0.1428571	
	2006	4	1	0	16	0	
	2006	4	2	1	18	0.05555556	
	2006	5	1	0	15	0	
	2006	5	2	0	29	0	
	2006	6	1	1	20	0.05	
	2006	6	2	1	25	0.04	
	2006	7	1	1	25	0.04	
	2006	7	2	2	37	0.05405405	
	2006	8	1	5	45	0.1111111	
	2006	8	2	0	52	0	
	2006	9	1	5	62	0.08064516	
	2006	9	2	4	46	0.08695652	
	2006	10	1	11	79	0.1392405	
	2006	10	2	7	49	0.1428571	
	2006	11	1	18	100	0.18	
	2006	11	2	8	70	0.1142857	
	2006	12	1	36	170	0.2117647	
	2006	12	2	16	91	0.1758242	
	2006	13	1	43	214	0.2009346	
	2006	13	2	22	148	0.1486486	
	2006	14	1	49	236	0.2076271	
	2006	14	2	28	156	0.1794872	
	2006	15	1	68	316	0.2151899	
	2006	15	2	50	224	0.2232143	
	2006	16	1	102	356	0.2865169	
	2006	16	2	65	285	0.2280702	
	2006	17	1	88	295	0.2983051	
	2006	17	2	80	335	0.238806	
	2006	18	1	59	191	0.3089005	
	2006	18	2	58	220	0.2636364	
	2006	19	1	28	64	0.4375	
	2006	19	2	29	91	0.3186813	
	2006	20	1	5	15	0.3333333	
	2006	20	2	4	17	0.2352941	
	2007	1	1	3	51	0.05882353	
	2007	1	2	1	42	0.02380952	
	2007	2	1	0	14	0	
	2007	2	2	1	8	0.125	
	2007	3	1	0	8	0	
	2007	3	2	0	5	0	
	2007	4	1	0	13	0	
	2007	4	2	1	28	0.03571429	
	2007	5	1	3	16	0.1875	
	2007	5	2	1	29	0.03448276	
	2007	6	1	2	15	0.1333333	
	2007	6	2	0	37	0	
	2007	7	1	2	28	0.07142857	
	2007	7	2	0	33	0	
	2007	8	1	4	33	0.1212121	
	2007	8	2	4	47	0.08510638	
	2007	9	1	11	65	0.1692308	
	2007	9	2	6	60	0.1	
	2007	10	1	21	93	0.2258065	
	2007	10	2	7	60	0.1166667	
	2007	11	1	28	133	0.2105263	
	2007	11	2	14	74	0.1891892	
	2007	12	1	38	181	0.2099448	
	2007	12	2	16	90	0.1777778	
	2007	13	1	40	214	0.1869159	
	2007	13	2	27	143	0.1888112	
	2007	14	1	70	273	0.2564103	
	2007	14	2	29	169	0.1715976	
	2007	15	1	68	348	0.1954023	
	2007	15	2	45	225	0.2	
	2007	16	1	100	387	0.2583979	
	2007	16	2	63	312	0.2019231	
	2007	17	1	95	345	0.2753623	
	2007	17	2	127	391	0.3248082	
	2007	18	1	75	236	0.3177966	
	2007	18	2	67	246	0.2723577	
	2007	19	1	20	68	0.2941176	
	2007	19	2	22	65	0.3384615	
	2007	20	1	7	17	0.4117647	
	2007	20	2	9	21	0.4285714	
	2008	1	1	0	64	0	
	2008	1	2	2	36	0.05555556	
	2008	2	1	1	12	0.08333333	
	2008	2	2	0	3	0	
	2008	3	1	2	17	0.1176471	
	2008	3	2	0	2	0	
	2008	4	1	0	20	0	
	2008	4	2	0	27	0	
	2008	5	1	0	13	0	
	2008	5	2	1	29	0.03448276	
	2008	6	1	3	29	0.1034483	
	2008	6	2	0	39	0	
	2008	7	1	3	43	0.06976744	
	2008	7	2	0	47	0	
	2008	8	1	6	68	0.08823529	
	2008	8	2	2	72	0.02777778	
	2008	9	1	4	72	0.05555556	
	2008	9	2	3	74	0.04054054	
	2008	10	1	9	109	0.08256881	
	2008	10	2	8	95	0.08421053	
	2008	11	1	18	134	0.1343284	
	2008	11	2	14	107	0.1308411	
	2008	12	1	25	222	0.1126126	
	2008	12	2	19	155	0.1225806	
	2008	13	1	62	334	0.1856287	
	2008	13	2	32	205	0.1560976	
	2008	14	1	76	359	0.2116992	
	2008	14	2	51	275	0.1854545	
	2008	15	1	71	409	0.1735941	
	2008	15	2	50	345	0.1449275	
	2008	16	1	123	522	0.2356322	
	2008	16	2	72	454	0.1585903	
	2008	17	1	110	464	0.237069	
	2008	17	2	110	487	0.2258727	
	2008	18	1	78	287	0.271777	
	2008	18	2	80	346	0.2312139	
	2008	19	1	38	111	0.3423423	
	2008	19	2	43	134	0.3208955	
	2008	20	1	9	21	0.4285714	
	2008	20	2	6	21	0.2857143	
	2009	1	1	1	51	0.01960784	
	2009	1	2	2	39	0.05128205	
	2009	2	1	0	9	0	
	2009	2	2	0	6	0	
	2009	3	1	0	13	0	
	2009	3	2	0	6	0	
	2009	4	1	0	21	0	
	2009	4	2	1	39	0.02564103	
	2009	5	1	1	22	0.04545455	
	2009	5	2	2	34	0.05882353	
	2009	6	1	1	25	0.04	
	2009	6	2	1	34	0.02941176	
	2009	7	1	0	38	0	
	2009	7	2	0	56	0	
	2009	8	1	6	55	0.1090909	
	2009	8	2	4	70	0.05714286	
	2009	9	1	7	104	0.06730769	
	2009	9	2	7	90	0.07777778	
	2009	10	1	13	130	0.1	
	2009	10	2	13	111	0.1171171	
	2009	11	1	24	163	0.1472393	
	2009	11	2	21	138	0.1521739	
	2009	12	1	39	250	0.156	
	2009	12	2	19	170	0.1117647	
	2009	13	1	62	386	0.1606218	
	2009	13	2	37	239	0.1548117	
	2009	14	1	95	512	0.1855469	
	2009	14	2	51	333	0.1531532	
	2009	15	1	106	568	0.1866197	
	2009	15	2	56	430	0.1302326	
	2009	16	1	125	662	0.1888218	
	2009	16	2	90	476	0.1890756	
	2009	17	1	154	571	0.2697023	
	2009	17	2	130	586	0.221843	
	2009	18	1	105	407	0.2579853	
	2009	18	2	110	461	0.2386117	
	2009	19	1	27	101	0.2673267	
	2009	19	2	53	156	0.3397436	
	2009	20	1	8	24	0.3333333	
	2009	20	2	9	32	0.28125	
	2010	1	1	1	60	0.01666667	
	2010	1	2	2	34	0.05882353	
	2010	2	1	1	15	0.06666667	
	2010	2	2	1	12	0.08333333	
	2010	3	1	0	8	0	
	2010	3	2	1	8	0.125	
	2010	4	1	1	27	0.03703704	
	2010	4	2	2	35	0.05714286	
	2010	5	1	0	20	0	
	2010	5	2	0	40	0	
	2010	6	1	2	23	0.08695652	
	2010	6	2	1	48	0.02083333	
	2010	7	1	3	28	0.1071429	
	2010	7	2	3	51	0.05882353	
	2010	8	1	2	67	0.02985075	
	2010	8	2	3	79	0.03797468	
	2010	9	1	4	130	0.03076923	
	2010	9	2	6	84	0.07142857	
	2010	10	1	21	163	0.1288344	
	2010	10	2	9	147	0.06122449	
	2010	11	1	22	199	0.1105528	
	2010	11	2	22	179	0.122905	
	2010	12	1	43	285	0.1508772	
	2010	12	2	34	217	0.156682	
	2010	13	1	79	450	0.1755556	
	2010	13	2	38	268	0.141791	
	2010	14	1	90	565	0.159292	
	2010	14	2	52	357	0.1456583	
	2010	15	1	104	634	0.1640379	
	2010	15	2	72	438	0.1643836	
	2010	16	1	153	762	0.2007874	
	2010	16	2	112	592	0.1891892	
	2010	17	1	167	723	0.230982	
	2010	17	2	153	703	0.2176387	
	2010	18	1	132	508	0.2598425	
	2010	18	2	134	554	0.2418773	
	2010	19	1	48	176	0.2727273	
	2010	19	2	51	195	0.2615385	
	2010	20	1	8	34	0.2352941	
	2010	20	2	17	57	0.2982456	
	2011	1	1	2	67	0.02985075	
	2011	1	2	3	60	0.05	
	2011	2	1	0	18	0	
	2011	2	2	0	16	0	
	2011	3	1	0	8	0	
	2011	3	2	0	8	0	
	2011	4	1	1	22	0.04545455	
	2011	4	2	1	33	0.03030303	
	2011	5	1	0	36	0	
	2011	5	2	1	61	0.01639344	
	2011	6	1	5	41	0.1219512	
	2011	6	2	3	66	0.04545455	
	2011	7	1	3	33	0.09090909	
	2011	7	2	1	52	0.01923077	
	2011	8	1	3	68	0.04411765	
	2011	8	2	0	73	0	
	2011	9	1	4	129	0.03100775	
	2011	9	2	6	125	0.048	
	2011	10	1	25	215	0.1162791	
	2011	10	2	12	142	0.08450704	
	2011	11	1	28	259	0.1081081	
	2011	11	2	23	198	0.1161616	
	2011	12	1	38	360	0.1055556	
	2011	12	2	24	232	0.1034483	
	2011	13	1	61	457	0.1334792	
	2011	13	2	30	287	0.1045296	
	2011	14	1	79	686	0.1151603	
	2011	14	2	57	391	0.1457801	
	2011	15	1	104	743	0.1399731	
	2011	15	2	84	510	0.1647059	
	2011	16	1	130	840	0.1547619	
	2011	16	2	90	633	0.1421801	
	2011	17	1	158	816	0.1936275	
	2011	17	2	125	715	0.1748252	
	2011	18	1	121	532	0.2274436	
	2011	18	2	144	578	0.2491349	
	2011	19	1	47	179	0.2625698	
	2011	19	2	59	249	0.2369478	
	2011	20	1	14	41	0.3414634	
	2011	20	2	13	50	0.26	
	2012	1	1	2	59	0.03389831	
	2012	1	2	1	57	0.01754386	
	2012	2	1	2	14	0.1428571	
	2012	2	2	1	14	0.07142857	
	2012	3	1	0	22	0	
	2012	3	2	1	8	0.125	
	2012	4	1	1	31	0.03225806	
	2012	4	2	1	70	0.01428571	
	2012	5	1	2	43	0.04651163	
	2012	5	2	0	82	0	
	2012	6	1	0	49	0	
	2012	6	2	1	78	0.01282051	
	2012	7	1	0	50	0	
	2012	7	2	1	89	0.01123596	
	2012	8	1	5	75	0.06666667	
	2012	8	2	2	101	0.01980198	
	2012	9	1	7	137	0.05109489	
	2012	9	2	3	129	0.02325581	
	2012	10	1	19	228	0.08333333	
	2012	10	2	13	178	0.07303371	
	2012	11	1	27	298	0.09060403	
	2012	11	2	13	210	0.06190476	
	2012	12	1	39	394	0.09898477	
	2012	12	2	31	270	0.1148148	
	2012	13	1	64	598	0.1070234	
	2012	13	2	38	382	0.09947644	
	2012	14	1	117	808	0.144802	
	2012	14	2	58	505	0.1148515	
	2012	15	1	118	850	0.1388235	
	2012	15	2	68	586	0.116041	
	2012	16	1	158	976	0.1618852	
	2012	16	2	108	789	0.1368821	
	2012	17	1	171	928	0.1842672	
	2012	17	2	164	887	0.1848929	
	2012	18	1	133	641	0.2074883	
	2012	18	2	159	734	0.2166213	
	2012	19	1	74	276	0.2681159	
	2012	19	2	62	294	0.2108844	
	2012	20	1	12	50	0.24	
	2012	20	2	14	71	0.1971831	
	2013	1	1	2	94	0.0212766	
	2013	1	2	0	35	0	
	2013	2	1	1	16	0.0625	
	2013	2	2	0	9	0	
	2013	3	1	0	11	0	
	2013	3	2	1	17	0.05882353	
	2013	4	1	1	45	0.02222222	
	2013	4	2	0	75	0	
	2013	5	1	1	49	0.02040816	
	2013	5	2	2	113	0.01769912	
	2013	6	1	4	53	0.0754717	
	2013	6	2	0	78	0	
	2013	7	1	1	78	0.01282051	
	2013	7	2	0	82	0	
	2013	8	1	1	118	0.008474576	
	2013	8	2	4	139	0.02877698	
	2013	9	1	12	184	0.06521739	
	2013	9	2	13	187	0.06951872	
	2013	10	1	14	278	0.05035971	
	2013	10	2	8	203	0.03940887	
	2013	11	1	41	381	0.1076115	
	2013	11	2	18	272	0.06617647	
	2013	12	1	52	488	0.1065574	
	2013	12	2	24	317	0.07570978	
	2013	13	1	82	701	0.1169757	
	2013	13	2	46	429	0.1072261	
	2013	14	1	119	1024	0.1162109	
	2013	14	2	77	564	0.1365248	
	2013	15	1	156	1067	0.1462043	
	2013	15	2	70	701	0.09985735	
	2013	16	1	172	1118	0.1538462	
	2013	16	2	104	860	0.1209302	
	2013	17	1	224	1164	0.1924399	
	2013	17	2	139	977	0.1422723	
	2013	18	1	172	833	0.2064826	
	2013	18	2	167	867	0.1926182	
	2013	19	1	78	338	0.2307692	
	2013	19	2	106	393	0.2697201	
	2013	20	1	17	60	0.2833333	
	2013	20	2	13	64	0.203125	

