
	B.1.11.M Subarachnoidalblutung (ICD­10 I60, Alter >19), Mortalität // Hémorragie sous­arachnoïdienne (CIM­10 I60, âge >19), mortalité // Emorragia subaracnoidea (ICD­10 I60, età >19), mortalità
	BAG/OFSP/UFSP - CH-IQI Version V4.0 - Daten 2013 - 27. Juli 2015

	Jahr	AltEGrp	Sex	DeathCH	CasesCH	pCH	
	1998	5	1	0	4	0	
	1998	5	2	0	7	0	
	1998	6	1	1	7	0.1428571	
	1998	6	2	0	13	0	
	1998	7	1	1	4	0.25	
	1998	7	2	0	12	0	
	1998	8	1	0	13	0	
	1998	8	2	0	16	0	
	1998	9	1	2	20	0.1	
	1998	9	2	4	28	0.1428571	
	1998	10	1	0	28	0	
	1998	10	2	0	38	0	
	1998	11	1	2	42	0.04761905	
	1998	11	2	6	49	0.122449	
	1998	12	1	2	32	0.0625	
	1998	12	2	2	44	0.04545455	
	1998	13	1	5	27	0.1851852	
	1998	13	2	5	50	0.1	
	1998	14	1	5	24	0.2083333	
	1998	14	2	2	41	0.04878049	
	1998	15	1	5	26	0.1923077	
	1998	15	2	3	31	0.09677419	
	1998	16	1	3	10	0.3	
	1998	16	2	10	33	0.3030303	
	1998	17	1	2	5	0.4	
	1998	17	2	10	22	0.4545455	
	1998	18	1	1	5	0.2	
	1998	18	2	4	11	0.3636364	
	1998	19	1	1	1	1	
	1998	19	2	2	4	0.5	
	1999	5	1	0	6	0	
	1999	5	2	0	5	0	
	1999	6	1	1	8	0.125	
	1999	6	2	0	15	0	
	1999	7	1	0	18	0	
	1999	7	2	1	22	0.04545455	
	1999	8	1	1	19	0.05263158	
	1999	8	2	1	20	0.05	
	1999	9	1	3	22	0.1363636	
	1999	9	2	3	35	0.08571429	
	1999	10	1	1	36	0.02777778	
	1999	10	2	2	39	0.05128205	
	1999	11	1	5	47	0.106383	
	1999	11	2	9	59	0.1525424	
	1999	12	1	3	34	0.08823529	
	1999	12	2	5	48	0.1041667	
	1999	13	1	2	21	0.0952381	
	1999	13	2	2	50	0.04	
	1999	14	1	5	36	0.1388889	
	1999	14	2	6	35	0.1714286	
	1999	15	1	0	22	0	
	1999	15	2	5	31	0.1612903	
	1999	16	1	7	18	0.3888889	
	1999	16	2	5	15	0.3333333	
	1999	17	1	3	10	0.3	
	1999	17	2	6	16	0.375	
	1999	18	1	1	3	0.3333333	
	1999	18	2	2	7	0.2857143	
	1999	19	1	1	1	1	
	1999	19	2	0	2	0	
	1999	20	2	1	1	1	
	2000	5	1	0	9	0	
	2000	5	2	0	3	0	
	2000	6	1	0	10	0	
	2000	6	2	0	13	0	
	2000	7	1	2	20	0.1	
	2000	7	2	2	22	0.09090909	
	2000	8	1	2	21	0.0952381	
	2000	8	2	2	33	0.06060606	
	2000	9	1	1	22	0.04545455	
	2000	9	2	3	29	0.1034483	
	2000	10	1	0	43	0	
	2000	10	2	2	35	0.05714286	
	2000	11	1	2	36	0.05555556	
	2000	11	2	8	56	0.1428571	
	2000	12	1	4	36	0.1111111	
	2000	12	2	5	41	0.1219512	
	2000	13	1	2	32	0.0625	
	2000	13	2	3	37	0.08108108	
	2000	14	1	8	31	0.2580645	
	2000	14	2	8	64	0.125	
	2000	15	1	2	20	0.1	
	2000	15	2	8	33	0.2424242	
	2000	16	1	4	19	0.2105263	
	2000	16	2	11	37	0.2972973	
	2000	17	1	6	12	0.5	
	2000	17	2	8	15	0.5333333	
	2000	18	1	4	7	0.5714286	
	2000	18	2	2	7	0.2857143	
	2000	19	2	2	4	0.5	
	2001	5	1	0	2	0	
	2001	5	2	0	2	0	
	2001	6	1	0	9	0	
	2001	6	2	0	6	0	
	2001	7	1	0	10	0	
	2001	7	2	1	21	0.04761905	
	2001	8	1	1	19	0.05263158	
	2001	8	2	0	33	0	
	2001	9	1	5	22	0.2272727	
	2001	9	2	4	37	0.1081081	
	2001	10	1	5	45	0.1111111	
	2001	10	2	5	51	0.09803922	
	2001	11	1	1	40	0.025	
	2001	11	2	7	45	0.1555556	
	2001	12	1	4	23	0.173913	
	2001	12	2	6	59	0.1016949	
	2001	13	1	2	23	0.08695652	
	2001	13	2	7	59	0.1186441	
	2001	14	1	3	27	0.1111111	
	2001	14	2	8	40	0.2	
	2001	15	1	6	22	0.2727273	
	2001	15	2	8	41	0.195122	
	2001	16	1	3	9	0.3333333	
	2001	16	2	6	29	0.2068966	
	2001	17	1	5	8	0.625	
	2001	17	2	5	12	0.4166667	
	2001	18	1	3	6	0.5	
	2001	18	2	3	6	0.5	
	2001	19	1	0	2	0	
	2002	5	1	0	2	0	
	2002	5	2	1	7	0.1428571	
	2002	6	1	0	5	0	
	2002	6	2	2	7	0.2857143	
	2002	7	1	2	16	0.125	
	2002	7	2	1	16	0.0625	
	2002	8	1	4	23	0.173913	
	2002	8	2	0	31	0	
	2002	9	1	4	37	0.1081081	
	2002	9	2	5	43	0.1162791	
	2002	10	1	2	31	0.06451613	
	2002	10	2	2	47	0.04255319	
	2002	11	1	4	52	0.07692308	
	2002	11	2	8	69	0.115942	
	2002	12	1	4	43	0.09302326	
	2002	12	2	4	48	0.08333333	
	2002	13	1	0	27	0	
	2002	13	2	7	53	0.1320755	
	2002	14	1	2	18	0.1111111	
	2002	14	2	8	45	0.1777778	
	2002	15	1	3	10	0.3	
	2002	15	2	4	31	0.1290323	
	2002	16	1	2	14	0.1428571	
	2002	16	2	8	31	0.2580645	
	2002	17	1	3	8	0.375	
	2002	17	2	5	23	0.2173913	
	2002	18	1	0	8	0	
	2002	18	2	2	8	0.25	
	2002	19	2	1	4	0.25	
	2003	5	1	0	5	0	
	2003	5	2	0	8	0	
	2003	6	1	0	6	0	
	2003	6	2	2	3	0.6666667	
	2003	7	1	0	7	0	
	2003	7	2	0	11	0	
	2003	8	1	1	17	0.05882353	
	2003	8	2	1	26	0.03846154	
	2003	9	1	4	28	0.1428571	
	2003	9	2	2	34	0.05882353	
	2003	10	1	4	36	0.1111111	
	2003	10	2	4	41	0.09756098	
	2003	11	1	8	38	0.2105263	
	2003	11	2	7	65	0.1076923	
	2003	12	1	2	23	0.08695652	
	2003	12	2	6	63	0.0952381	
	2003	13	1	2	22	0.09090909	
	2003	13	2	5	41	0.1219512	
	2003	14	1	1	26	0.03846154	
	2003	14	2	8	60	0.1333333	
	2003	15	1	3	17	0.1764706	
	2003	15	2	9	44	0.2045455	
	2003	16	1	11	26	0.4230769	
	2003	16	2	8	28	0.2857143	
	2003	17	1	4	11	0.3636364	
	2003	17	2	5	24	0.2083333	
	2003	18	1	3	5	0.6	
	2003	18	2	5	7	0.7142857	
	2003	19	1	1	2	0.5	
	2003	19	2	6	6	1	
	2003	20	2	1	1	1	
	2004	5	1	0	2	0	
	2004	5	2	0	5	0	
	2004	6	1	1	8	0.125	
	2004	6	2	0	6	0	
	2004	7	1	1	8	0.125	
	2004	7	2	1	17	0.05882353	
	2004	8	1	4	29	0.137931	
	2004	8	2	3	16	0.1875	
	2004	9	1	2	34	0.05882353	
	2004	9	2	1	37	0.02702703	
	2004	10	1	0	35	0	
	2004	10	2	8	56	0.1428571	
	2004	11	1	3	34	0.08823529	
	2004	11	2	8	54	0.1481481	
	2004	12	1	10	61	0.1639344	
	2004	12	2	10	48	0.2083333	
	2004	13	1	6	22	0.2727273	
	2004	13	2	9	51	0.1764706	
	2004	14	1	6	21	0.2857143	
	2004	14	2	8	35	0.2285714	
	2004	15	1	4	25	0.16	
	2004	15	2	4	34	0.1176471	
	2004	16	1	2	9	0.2222222	
	2004	16	2	16	39	0.4102564	
	2004	17	1	4	18	0.2222222	
	2004	17	2	11	22	0.5	
	2004	18	1	2	5	0.4	
	2004	18	2	6	16	0.375	
	2004	19	1	1	1	1	
	2004	19	2	1	4	0.25	
	2005	5	1	0	9	0	
	2005	5	2	0	2	0	
	2005	6	1	1	8	0.125	
	2005	6	2	0	4	0	
	2005	7	1	1	19	0.05263158	
	2005	7	2	1	15	0.06666667	
	2005	8	1	2	22	0.09090909	
	2005	8	2	1	29	0.03448276	
	2005	9	1	1	20	0.05	
	2005	9	2	4	42	0.0952381	
	2005	10	1	2	43	0.04651163	
	2005	10	2	11	55	0.2	
	2005	11	1	5	41	0.1219512	
	2005	11	2	5	49	0.1020408	
	2005	12	1	6	48	0.125	
	2005	12	2	7	64	0.109375	
	2005	13	1	5	29	0.1724138	
	2005	13	2	16	68	0.2352941	
	2005	14	1	5	26	0.1923077	
	2005	14	2	7	33	0.2121212	
	2005	15	1	6	21	0.2857143	
	2005	15	2	16	53	0.3018868	
	2005	16	1	6	17	0.3529412	
	2005	16	2	10	42	0.2380952	
	2005	17	1	6	14	0.4285714	
	2005	17	2	8	25	0.32	
	2005	18	1	0	4	0	
	2005	18	2	6	12	0.5	
	2005	19	1	2	2	1	
	2005	19	2	1	2	0.5	
	2005	20	2	0	1	0	
	2006	5	1	0	3	0	
	2006	5	2	0	5	0	
	2006	6	1	1	9	0.1111111	
	2006	6	2	1	5	0.2	
	2006	7	1	0	13	0	
	2006	7	2	1	12	0.08333333	
	2006	8	1	3	23	0.1304348	
	2006	8	2	1	12	0.08333333	
	2006	9	1	2	26	0.07692308	
	2006	9	2	5	46	0.1086957	
	2006	10	1	5	38	0.1315789	
	2006	10	2	9	55	0.1636364	
	2006	11	1	7	60	0.1166667	
	2006	11	2	14	67	0.2089552	
	2006	12	1	4	41	0.09756098	
	2006	12	2	5	57	0.0877193	
	2006	13	1	5	38	0.1315789	
	2006	13	2	11	60	0.1833333	
	2006	14	1	4	33	0.1212121	
	2006	14	2	15	51	0.2941176	
	2006	15	1	6	21	0.2857143	
	2006	15	2	10	44	0.2272727	
	2006	16	1	5	19	0.2631579	
	2006	16	2	13	41	0.3170732	
	2006	17	1	2	8	0.25	
	2006	17	2	11	33	0.3333333	
	2006	18	1	1	5	0.2	
	2006	18	2	8	11	0.7272727	
	2006	19	1	0	1	0	
	2006	19	2	1	3	0.3333333	
	2007	5	1	1	3	0.3333333	
	2007	5	2	0	5	0	
	2007	6	1	1	3	0.3333333	
	2007	6	2	0	9	0	
	2007	7	1	1	12	0.08333333	
	2007	7	2	0	7	0	
	2007	8	1	1	20	0.05	
	2007	8	2	1	26	0.03846154	
	2007	9	1	2	33	0.06060606	
	2007	9	2	2	30	0.06666667	
	2007	10	1	8	38	0.2105263	
	2007	10	2	6	51	0.1176471	
	2007	11	1	4	46	0.08695652	
	2007	11	2	9	66	0.1363636	
	2007	12	1	6	52	0.1153846	
	2007	12	2	8	68	0.1176471	
	2007	13	1	2	32	0.0625	
	2007	13	2	7	52	0.1346154	
	2007	14	1	9	25	0.36	
	2007	14	2	7	42	0.1666667	
	2007	15	1	5	31	0.1612903	
	2007	15	2	11	48	0.2291667	
	2007	16	1	4	16	0.25	
	2007	16	2	14	32	0.4375	
	2007	17	1	5	9	0.5555556	
	2007	17	2	16	37	0.4324324	
	2007	18	1	1	1	1	
	2007	18	2	3	11	0.2727273	
	2007	19	1	0	1	0	
	2007	19	2	6	7	0.8571429	
	2007	20	1	0	1	0	
	2007	20	2	0	1	0	
	2008	5	2	0	1	0	
	2008	6	1	0	8	0	
	2008	6	2	0	9	0	
	2008	7	1	1	6	0.1666667	
	2008	7	2	0	1	0	
	2008	8	1	1	15	0.06666667	
	2008	8	2	2	21	0.0952381	
	2008	9	1	0	23	0	
	2008	9	2	4	46	0.08695652	
	2008	10	1	2	41	0.04878049	
	2008	10	2	8	67	0.119403	
	2008	11	1	2	39	0.05128205	
	2008	11	2	6	92	0.06521739	
	2008	12	1	2	36	0.05555556	
	2008	12	2	8	68	0.1176471	
	2008	13	1	6	43	0.1395349	
	2008	13	2	13	54	0.2407407	
	2008	14	1	7	23	0.3043478	
	2008	14	2	9	54	0.1666667	
	2008	15	1	4	13	0.3076923	
	2008	15	2	10	54	0.1851852	
	2008	16	1	7	20	0.35	
	2008	16	2	6	32	0.1875	
	2008	17	1	2	9	0.2222222	
	2008	17	2	6	28	0.2142857	
	2008	18	1	2	5	0.4	
	2008	18	2	8	18	0.4444444	
	2008	19	1	0	5	0	
	2008	19	2	0	4	0	
	2009	5	1	0	6	0	
	2009	5	2	0	3	0	
	2009	6	1	1	5	0.2	
	2009	6	2	1	8	0.125	
	2009	7	1	0	8	0	
	2009	7	2	2	19	0.1052632	
	2009	8	1	3	25	0.12	
	2009	8	2	0	15	0	
	2009	9	1	6	43	0.1395349	
	2009	9	2	1	39	0.02564103	
	2009	10	1	2	37	0.05405405	
	2009	10	2	4	59	0.06779661	
	2009	11	1	3	44	0.06818182	
	2009	11	2	11	73	0.1506849	
	2009	12	1	4	55	0.07272727	
	2009	12	2	6	48	0.125	
	2009	13	1	4	39	0.1025641	
	2009	13	2	12	52	0.2307692	
	2009	14	1	5	25	0.2	
	2009	14	2	8	54	0.1481481	
	2009	15	1	4	31	0.1290323	
	2009	15	2	6	36	0.1666667	
	2009	16	1	4	18	0.2222222	
	2009	16	2	12	47	0.2553191	
	2009	17	1	2	10	0.2	
	2009	17	2	6	18	0.3333333	
	2009	18	1	1	5	0.2	
	2009	18	2	7	14	0.5	
	2009	19	1	0	3	0	
	2009	19	2	4	5	0.8	
	2009	20	2	1	2	0.5	
	2010	5	1	0	1	0	
	2010	5	2	1	3	0.3333333	
	2010	6	1	1	4	0.25	
	2010	6	2	1	9	0.1111111	
	2010	7	1	4	15	0.2666667	
	2010	7	2	1	12	0.08333333	
	2010	8	1	1	22	0.04545455	
	2010	8	2	2	13	0.1538462	
	2010	9	1	1	21	0.04761905	
	2010	9	2	6	34	0.1764706	
	2010	10	1	6	44	0.1363636	
	2010	10	2	5	86	0.05813953	
	2010	11	1	3	50	0.06	
	2010	11	2	8	76	0.1052632	
	2010	12	1	7	51	0.1372549	
	2010	12	2	4	63	0.06349206	
	2010	13	1	5	45	0.1111111	
	2010	13	2	8	81	0.09876543	
	2010	14	1	7	43	0.1627907	
	2010	14	2	10	43	0.2325581	
	2010	15	1	1	21	0.04761905	
	2010	15	2	4	40	0.1	
	2010	16	1	8	29	0.2758621	
	2010	16	2	9	43	0.2093023	
	2010	17	1	4	23	0.173913	
	2010	17	2	9	32	0.28125	
	2010	18	1	5	10	0.5	
	2010	18	2	14	28	0.5	
	2010	19	1	0	5	0	
	2010	19	2	2	8	0.25	
	2011	5	1	1	4	0.25	
	2011	5	2	0	3	0	
	2011	6	1	0	3	0	
	2011	6	2	0	7	0	
	2011	7	1	0	15	0	
	2011	7	2	1	11	0.09090909	
	2011	8	1	1	27	0.03703704	
	2011	8	2	1	18	0.05555556	
	2011	9	1	3	30	0.1	
	2011	9	2	8	51	0.1568627	
	2011	10	1	2	63	0.03174603	
	2011	10	2	8	81	0.09876543	
	2011	11	1	3	46	0.06521739	
	2011	11	2	6	76	0.07894737	
	2011	12	1	6	50	0.12	
	2011	12	2	9	81	0.1111111	
	2011	13	1	13	52	0.25	
	2011	13	2	9	74	0.1216216	
	2011	14	1	3	21	0.1428571	
	2011	14	2	8	54	0.1481481	
	2011	15	1	6	24	0.25	
	2011	15	2	13	50	0.26	
	2011	16	1	5	30	0.1666667	
	2011	16	2	9	48	0.1875	
	2011	17	1	4	14	0.2857143	
	2011	17	2	11	36	0.3055556	
	2011	18	1	5	16	0.3125	
	2011	18	2	7	30	0.2333333	
	2011	19	1	2	2	1	
	2011	19	2	3	8	0.375	
	2011	20	2	0	2	0	
	2012	5	1	1	5	0.2	
	2012	5	2	0	4	0	
	2012	6	1	0	2	0	
	2012	6	2	0	10	0	
	2012	7	1	1	9	0.1111111	
	2012	7	2	1	8	0.125	
	2012	8	1	0	11	0	
	2012	8	2	3	23	0.1304348	
	2012	9	1	2	34	0.05882353	
	2012	9	2	4	42	0.0952381	
	2012	10	1	2	57	0.03508772	
	2012	10	2	7	69	0.1014493	
	2012	11	1	4	49	0.08163265	
	2012	11	2	8	88	0.09090909	
	2012	12	1	2	48	0.04166667	
	2012	12	2	13	54	0.2407407	
	2012	13	1	6	26	0.2307692	
	2012	13	2	5	44	0.1136364	
	2012	14	1	6	37	0.1621622	
	2012	14	2	9	59	0.1525424	
	2012	15	1	5	28	0.1785714	
	2012	15	2	4	38	0.1052632	
	2012	16	1	7	29	0.2413793	
	2012	16	2	9	50	0.18	
	2012	17	1	4	22	0.1818182	
	2012	17	2	10	21	0.4761905	
	2012	18	1	4	20	0.2	
	2012	18	2	8	17	0.4705882	
	2012	19	1	2	2	1	
	2012	19	2	1	7	0.1428571	
	2013	5	1	0	5	0	
	2013	5	2	0	3	0	
	2013	6	1	1	2	0.5	
	2013	6	2	0	7	0	
	2013	7	1	0	6	0	
	2013	8	1	1	24	0.04166667	
	2013	8	2	1	17	0.05882353	
	2013	9	1	2	16	0.125	
	2013	9	2	3	38	0.07894737	
	2013	10	1	5	50	0.1	
	2013	10	2	6	50	0.12	
	2013	11	1	6	53	0.1132075	
	2013	11	2	8	86	0.09302326	
	2013	12	1	4	49	0.08163265	
	2013	12	2	11	39	0.2820513	
	2013	13	1	8	45	0.1777778	
	2013	13	2	7	48	0.1458333	
	2013	14	1	4	35	0.1142857	
	2013	14	2	12	71	0.1690141	
	2013	15	1	7	28	0.25	
	2013	15	2	12	52	0.2307692	
	2013	16	1	6	26	0.2307692	
	2013	16	2	11	40	0.275	
	2013	17	1	2	21	0.0952381	
	2013	17	2	5	28	0.1785714	
	2013	18	1	1	6	0.1666667	
	2013	18	2	13	33	0.3939394	
	2013	19	1	0	2	0	
	2013	19	2	6	10	0.6	
	2013	20	2	1	1	1	

