
	E.4.6.M Kolorektale Resektionen bei Divertikel mit Abszess/Perforation, Mortalität // Résections colorectales pour diverticule avec abcès/perforation, mortalité // Resezioni colorettali per diverticolo con ascesso/perforazione, mortalità
	BAG/OFSP/UFSP - CH-IQI Version V4.0 - Daten 2013 - 27. Juli 2015

	Jahr	AltEGrp	Sex	DeathCH	CasesCH	pCH	
	1998	6	1	0	1	0	
	1998	7	1	0	3	0	
	1998	7	2	0	3	0	
	1998	8	1	0	8	0	
	1998	8	2	0	9	0	
	1998	9	1	1	15	0.06666667	
	1998	9	2	0	6	0	
	1998	10	1	0	23	0	
	1998	10	2	0	10	0	
	1998	11	1	0	34	0	
	1998	11	2	1	12	0.08333333	
	1998	12	1	0	34	0	
	1998	12	2	1	18	0.05555556	
	1998	13	1	1	26	0.03846154	
	1998	13	2	0	24	0	
	1998	14	1	0	21	0	
	1998	14	2	1	24	0.04166667	
	1998	15	1	0	17	0	
	1998	15	2	3	44	0.06818182	
	1998	16	1	2	18	0.1111111	
	1998	16	2	3	47	0.06382979	
	1998	17	1	3	8	0.375	
	1998	17	2	7	28	0.25	
	1998	18	1	4	9	0.4444444	
	1998	18	2	5	16	0.3125	
	1998	19	1	0	2	0	
	1998	19	2	1	3	0.3333333	
	1998	20	1	1	1	1	
	1999	6	2	0	1	0	
	1999	7	1	0	3	0	
	1999	7	2	0	2	0	
	1999	8	1	0	10	0	
	1999	8	2	0	4	0	
	1999	9	1	0	15	0	
	1999	9	2	0	5	0	
	1999	10	1	0	18	0	
	1999	10	2	0	13	0	
	1999	11	1	0	30	0	
	1999	11	2	0	24	0	
	1999	12	1	0	34	0	
	1999	12	2	0	23	0	
	1999	13	1	0	23	0	
	1999	13	2	0	27	0	
	1999	14	1	1	24	0.04166667	
	1999	14	2	2	50	0.04	
	1999	15	1	4	26	0.1538462	
	1999	15	2	2	43	0.04651163	
	1999	16	1	2	20	0.1	
	1999	16	2	7	54	0.1296296	
	1999	17	1	0	9	0	
	1999	17	2	4	35	0.1142857	
	1999	18	1	0	8	0	
	1999	18	2	11	30	0.3666667	
	1999	19	1	1	3	0.3333333	
	1999	19	2	1	8	0.125	
	2000	4	1	0	1	0	
	2000	6	1	0	2	0	
	2000	6	2	0	1	0	
	2000	7	1	0	6	0	
	2000	7	2	0	6	0	
	2000	8	1	0	15	0	
	2000	8	2	0	5	0	
	2000	9	1	0	21	0	
	2000	9	2	0	14	0	
	2000	10	1	0	24	0	
	2000	10	2	0	8	0	
	2000	11	1	0	36	0	
	2000	11	2	0	27	0	
	2000	12	1	0	32	0	
	2000	12	2	0	27	0	
	2000	13	1	3	33	0.09090909	
	2000	13	2	0	31	0	
	2000	14	1	1	29	0.03448276	
	2000	14	2	0	38	0	
	2000	15	1	2	29	0.06896552	
	2000	15	2	1	55	0.01818182	
	2000	16	1	1	25	0.04	
	2000	16	2	5	64	0.078125	
	2000	17	1	2	21	0.0952381	
	2000	17	2	7	45	0.1555556	
	2000	18	1	1	9	0.1111111	
	2000	18	2	5	37	0.1351351	
	2000	19	1	2	3	0.6666667	
	2000	19	2	1	11	0.09090909	
	2000	20	2	0	1	0	
	2001	4	1	0	1	0	
	2001	6	1	0	2	0	
	2001	7	1	0	11	0	
	2001	7	2	0	1	0	
	2001	8	1	0	16	0	
	2001	8	2	0	2	0	
	2001	9	1	0	25	0	
	2001	9	2	0	12	0	
	2001	10	1	0	21	0	
	2001	10	2	0	17	0	
	2001	11	1	0	38	0	
	2001	11	2	0	25	0	
	2001	12	1	0	40	0	
	2001	12	2	0	35	0	
	2001	13	1	2	31	0.06451613	
	2001	13	2	0	35	0	
	2001	14	1	2	40	0.05	
	2001	14	2	2	50	0.04	
	2001	15	1	0	31	0	
	2001	15	2	2	67	0.02985075	
	2001	16	1	2	29	0.06896552	
	2001	16	2	8	67	0.119403	
	2001	17	1	2	20	0.1	
	2001	17	2	7	66	0.1060606	
	2001	18	1	3	9	0.3333333	
	2001	18	2	6	42	0.1428571	
	2001	19	1	1	3	0.3333333	
	2001	19	2	6	12	0.5	
	2001	20	2	0	1	0	
	2002	5	2	0	1	0	
	2002	6	1	0	1	0	
	2002	6	2	0	1	0	
	2002	7	1	0	5	0	
	2002	7	2	0	1	0	
	2002	8	1	0	15	0	
	2002	8	2	0	3	0	
	2002	9	1	0	26	0	
	2002	9	2	0	8	0	
	2002	10	1	0	36	0	
	2002	10	2	0	14	0	
	2002	11	1	2	41	0.04878049	
	2002	11	2	0	23	0	
	2002	12	1	0	56	0	
	2002	12	2	0	40	0	
	2002	13	1	1	47	0.0212766	
	2002	13	2	1	31	0.03225806	
	2002	14	1	3	40	0.075	
	2002	14	2	0	44	0	
	2002	15	1	3	33	0.09090909	
	2002	15	2	8	78	0.1025641	
	2002	16	1	3	18	0.1666667	
	2002	16	2	7	77	0.09090909	
	2002	17	1	0	22	0	
	2002	17	2	9	76	0.1184211	
	2002	18	1	1	9	0.1111111	
	2002	18	2	12	40	0.3	
	2002	19	1	0	5	0	
	2002	19	2	5	12	0.4166667	
	2003	5	1	0	1	0	
	2003	5	2	0	1	0	
	2003	6	1	0	5	0	
	2003	6	2	0	2	0	
	2003	7	1	0	4	0	
	2003	7	2	0	2	0	
	2003	8	1	0	14	0	
	2003	8	2	0	3	0	
	2003	9	1	0	33	0	
	2003	9	2	0	13	0	
	2003	10	1	0	34	0	
	2003	10	2	0	20	0	
	2003	11	1	0	40	0	
	2003	11	2	1	24	0.04166667	
	2003	12	1	1	54	0.01851852	
	2003	12	2	0	46	0	
	2003	13	1	0	46	0	
	2003	13	2	0	38	0	
	2003	14	1	0	43	0	
	2003	14	2	3	59	0.05084746	
	2003	15	1	1	35	0.02857143	
	2003	15	2	3	76	0.03947368	
	2003	16	1	4	50	0.08	
	2003	16	2	6	88	0.06818182	
	2003	17	1	7	34	0.2058824	
	2003	17	2	6	71	0.08450704	
	2003	18	1	4	12	0.3333333	
	2003	18	2	8	45	0.1777778	
	2003	19	1	4	5	0.8	
	2003	19	2	4	11	0.3636364	
	2003	20	1	1	1	1	
	2004	6	1	0	8	0	
	2004	7	1	0	8	0	
	2004	7	2	0	3	0	
	2004	8	1	0	20	0	
	2004	8	2	0	6	0	
	2004	9	1	0	27	0	
	2004	9	2	0	12	0	
	2004	10	1	0	32	0	
	2004	10	2	0	20	0	
	2004	11	1	0	47	0	
	2004	11	2	0	26	0	
	2004	12	1	0	54	0	
	2004	12	2	0	61	0	
	2004	13	1	1	40	0.025	
	2004	13	2	0	52	0	
	2004	14	1	1	27	0.03703704	
	2004	14	2	1	39	0.02564103	
	2004	15	1	2	40	0.05	
	2004	15	2	6	70	0.08571429	
	2004	16	1	4	35	0.1142857	
	2004	16	2	5	96	0.05208333	
	2004	17	1	5	22	0.2272727	
	2004	17	2	16	82	0.195122	
	2004	18	1	3	9	0.3333333	
	2004	18	2	7	41	0.1707317	
	2004	19	1	3	4	0.75	
	2004	19	2	4	14	0.2857143	
	2005	5	2	0	1	0	
	2005	6	1	0	3	0	
	2005	6	2	0	1	0	
	2005	7	1	0	10	0	
	2005	8	1	0	15	0	
	2005	8	2	0	6	0	
	2005	9	1	0	37	0	
	2005	9	2	1	13	0.07692308	
	2005	10	1	0	35	0	
	2005	10	2	0	19	0	
	2005	11	1	0	48	0	
	2005	11	2	0	38	0	
	2005	12	1	2	66	0.03030303	
	2005	12	2	1	44	0.02272727	
	2005	13	1	1	64	0.015625	
	2005	13	2	0	56	0	
	2005	14	1	2	57	0.03508772	
	2005	14	2	0	81	0	
	2005	15	1	4	52	0.07692308	
	2005	15	2	4	88	0.04545455	
	2005	16	1	6	57	0.1052632	
	2005	16	2	8	90	0.08888889	
	2005	17	1	6	33	0.1818182	
	2005	17	2	13	83	0.1566265	
	2005	18	1	7	20	0.35	
	2005	18	2	6	49	0.122449	
	2005	19	2	3	15	0.2	
	2005	20	2	1	1	1	
	2006	5	1	0	3	0	
	2006	5	2	0	2	0	
	2006	6	1	0	4	0	
	2006	7	1	0	9	0	
	2006	7	2	0	1	0	
	2006	8	1	0	20	0	
	2006	8	2	0	10	0	
	2006	9	1	0	24	0	
	2006	9	2	0	15	0	
	2006	10	1	0	36	0	
	2006	10	2	0	23	0	
	2006	11	1	0	51	0	
	2006	11	2	0	31	0	
	2006	12	1	1	56	0.01785714	
	2006	12	2	0	36	0	
	2006	13	1	1	56	0.01785714	
	2006	13	2	1	66	0.01515152	
	2006	14	1	3	42	0.07142857	
	2006	14	2	0	80	0	
	2006	15	1	2	52	0.03846154	
	2006	15	2	7	76	0.09210526	
	2006	16	1	7	46	0.1521739	
	2006	16	2	6	97	0.06185567	
	2006	17	1	3	31	0.09677419	
	2006	17	2	15	84	0.1785714	
	2006	18	1	7	17	0.4117647	
	2006	18	2	12	51	0.2352941	
	2006	19	1	2	3	0.6666667	
	2006	19	2	6	19	0.3157895	
	2006	20	2	1	2	0.5	
	2007	5	1	0	2	0	
	2007	6	1	0	4	0	
	2007	7	1	0	18	0	
	2007	7	2	0	3	0	
	2007	8	1	0	24	0	
	2007	8	2	0	6	0	
	2007	9	1	0	38	0	
	2007	9	2	0	11	0	
	2007	10	1	1	29	0.03448276	
	2007	10	2	0	24	0	
	2007	11	1	0	54	0	
	2007	11	2	0	35	0	
	2007	12	1	0	59	0	
	2007	12	2	1	43	0.02325581	
	2007	13	1	0	62	0	
	2007	13	2	0	64	0	
	2007	14	1	2	60	0.03333333	
	2007	14	2	6	72	0.08333333	
	2007	15	1	2	51	0.03921569	
	2007	15	2	3	95	0.03157895	
	2007	16	1	10	55	0.1818182	
	2007	16	2	11	87	0.1264368	
	2007	17	1	5	34	0.1470588	
	2007	17	2	12	98	0.122449	
	2007	18	1	2	19	0.1052632	
	2007	18	2	12	60	0.2	
	2007	19	1	1	4	0.25	
	2007	19	2	3	11	0.2727273	
	2007	20	2	1	2	0.5	
	2008	5	2	0	2	0	
	2008	6	1	0	6	0	
	2008	6	2	0	1	0	
	2008	7	1	0	5	0	
	2008	7	2	0	3	0	
	2008	8	1	0	17	0	
	2008	8	2	0	3	0	
	2008	9	1	0	26	0	
	2008	9	2	0	12	0	
	2008	10	1	0	35	0	
	2008	10	2	0	20	0	
	2008	11	1	0	48	0	
	2008	11	2	0	24	0	
	2008	12	1	1	59	0.01694915	
	2008	12	2	1	49	0.02040816	
	2008	13	1	3	58	0.05172414	
	2008	13	2	1	73	0.01369863	
	2008	14	1	0	58	0	
	2008	14	2	4	67	0.05970149	
	2008	15	1	1	55	0.01818182	
	2008	15	2	3	86	0.03488372	
	2008	16	1	2	49	0.04081633	
	2008	16	2	17	105	0.1619048	
	2008	17	1	10	31	0.3225806	
	2008	17	2	6	80	0.075	
	2008	18	1	5	13	0.3846154	
	2008	18	2	5	44	0.1136364	
	2008	19	1	0	1	0	
	2008	19	2	9	25	0.36	
	2008	20	2	0	1	0	
	2009	4	1	0	1	0	
	2009	5	2	0	1	0	
	2009	6	1	0	1	0	
	2009	6	2	0	1	0	
	2009	7	1	0	8	0	
	2009	7	2	0	1	0	
	2009	8	1	0	25	0	
	2009	8	2	0	1	0	
	2009	9	1	0	38	0	
	2009	9	2	0	10	0	
	2009	10	1	0	30	0	
	2009	10	2	0	19	0	
	2009	11	1	3	55	0.05454545	
	2009	11	2	1	45	0.02222222	
	2009	12	1	0	59	0	
	2009	12	2	0	44	0	
	2009	13	1	4	59	0.06779661	
	2009	13	2	0	66	0	
	2009	14	1	4	60	0.06666667	
	2009	14	2	3	79	0.03797468	
	2009	15	1	4	66	0.06060606	
	2009	15	2	5	78	0.06410256	
	2009	16	1	4	47	0.08510638	
	2009	16	2	7	118	0.05932203	
	2009	17	1	5	33	0.1515152	
	2009	17	2	12	91	0.1318681	
	2009	18	1	3	7	0.4285714	
	2009	18	2	18	59	0.3050847	
	2009	19	1	3	5	0.6	
	2009	19	2	6	16	0.375	
	2010	4	2	0	1	0	
	2010	5	1	0	1	0	
	2010	6	1	0	5	0	
	2010	7	1	0	17	0	
	2010	7	2	0	2	0	
	2010	8	1	0	17	0	
	2010	8	2	0	2	0	
	2010	9	1	0	30	0	
	2010	9	2	0	11	0	
	2010	10	1	0	48	0	
	2010	10	2	0	22	0	
	2010	11	1	2	51	0.03921569	
	2010	11	2	0	26	0	
	2010	12	1	0	50	0	
	2010	12	2	0	37	0	
	2010	13	1	1	66	0.01515152	
	2010	13	2	1	62	0.01612903	
	2010	14	1	0	59	0	
	2010	14	2	4	80	0.05	
	2010	15	1	5	45	0.1111111	
	2010	15	2	3	68	0.04411765	
	2010	16	1	3	37	0.08108108	
	2010	16	2	4	96	0.04166667	
	2010	17	1	6	32	0.1875	
	2010	17	2	17	100	0.17	
	2010	18	1	2	7	0.2857143	
	2010	18	2	8	41	0.195122	
	2010	19	1	1	1	1	
	2010	19	2	4	17	0.2352941	
	2010	20	2	0	1	0	
	2011	4	1	0	1	0	
	2011	5	1	0	3	0	
	2011	6	1	1	6	0.1666667	
	2011	6	2	0	1	0	
	2011	7	1	0	7	0	
	2011	7	2	0	2	0	
	2011	8	1	0	16	0	
	2011	8	2	0	5	0	
	2011	9	1	0	22	0	
	2011	9	2	0	10	0	
	2011	10	1	0	45	0	
	2011	10	2	0	21	0	
	2011	11	1	1	52	0.01923077	
	2011	11	2	0	34	0	
	2011	12	1	1	50	0.02	
	2011	12	2	0	40	0	
	2011	13	1	1	59	0.01694915	
	2011	13	2	0	81	0	
	2011	14	1	3	56	0.05357143	
	2011	14	2	1	83	0.01204819	
	2011	15	1	2	59	0.03389831	
	2011	15	2	2	85	0.02352941	
	2011	16	1	5	37	0.1351351	
	2011	16	2	8	76	0.1052632	
	2011	17	1	6	23	0.2608696	
	2011	17	2	14	99	0.1414141	
	2011	18	1	4	8	0.5	
	2011	18	2	11	47	0.2340426	
	2011	19	1	4	8	0.5	
	2011	19	2	6	19	0.3157895	
	2012	5	1	0	2	0	
	2012	6	1	0	5	0	
	2012	7	1	0	8	0	
	2012	7	2	0	2	0	
	2012	8	1	0	10	0	
	2012	8	2	0	4	0	
	2012	9	1	0	42	0	
	2012	9	2	0	10	0	
	2012	10	1	0	54	0	
	2012	10	2	0	27	0	
	2012	11	1	0	51	0	
	2012	11	2	0	32	0	
	2012	12	1	0	53	0	
	2012	12	2	0	43	0	
	2012	13	1	2	68	0.02941176	
	2012	13	2	1	69	0.01449275	
	2012	14	1	4	61	0.06557377	
	2012	14	2	1	74	0.01351351	
	2012	15	1	1	64	0.015625	
	2012	15	2	4	94	0.04255319	
	2012	16	1	1	55	0.01818182	
	2012	16	2	10	108	0.09259259	
	2012	17	1	5	34	0.1470588	
	2012	17	2	7	102	0.06862745	
	2012	18	1	1	11	0.09090909	
	2012	18	2	7	53	0.1320755	
	2012	19	1	2	3	0.6666667	
	2012	19	2	6	20	0.3	
	2012	20	2	1	1	1	
	2013	5	1	0	2	0	
	2013	6	1	0	5	0	
	2013	7	1	0	8	0	
	2013	7	2	0	3	0	
	2013	8	1	0	14	0	
	2013	8	2	0	3	0	
	2013	9	1	0	24	0	
	2013	9	2	0	13	0	
	2013	10	1	0	52	0	
	2013	10	2	0	26	0	
	2013	11	1	0	65	0	
	2013	11	2	0	34	0	
	2013	12	1	0	52	0	
	2013	12	2	1	49	0.02040816	
	2013	13	1	1	57	0.01754386	
	2013	13	2	0	52	0	
	2013	14	1	0	50	0	
	2013	14	2	2	74	0.02702703	
	2013	15	1	3	59	0.05084746	
	2013	15	2	2	90	0.02222222	
	2013	16	1	3	46	0.06521739	
	2013	16	2	7	94	0.07446809	
	2013	17	1	6	38	0.1578947	
	2013	17	2	12	109	0.1100917	
	2013	18	1	1	16	0.0625	
	2013	18	2	12	59	0.2033898	
	2013	19	1	1	3	0.3333333	
	2013	19	2	4	16	0.25	
	2013	20	2	0	1	0	

