
	A.3.4.M Diagnostische Katheter der Koronargefässe ohne HD Herzinfarkt ohne OP am Herzen (Alter >19), Mortalität // Cathétérisme diagnostique des vaisseaux coronaires sans DP infarctus du myocarde sans OP du cœur (âge >19), mortalité // Catetere diagnostico dei vasi coronarici senza DP infarto miocardico senza OP al cuore (età >19), mortalità
	BAG/OFSP/UFSP - CH-IQI Version V4.0 - Daten 2013 - 27. Juli 2015

	Jahr	AltEGrp	Sex	DeathCH	CasesCH	pCH	
	1998	6	1	0	2	0	
	1998	6	2	0	1	0	
	1998	7	1	0	8	0	
	1998	7	2	0	2	0	
	1998	8	1	0	16	0	
	1998	8	2	0	3	0	
	1998	9	1	0	41	0	
	1998	9	2	0	7	0	
	1998	10	1	0	71	0	
	1998	10	2	0	12	0	
	1998	11	1	0	137	0	
	1998	11	2	0	52	0	
	1998	12	1	0	192	0	
	1998	12	2	0	74	0	
	1998	13	1	0	193	0	
	1998	13	2	0	81	0	
	1998	14	1	0	180	0	
	1998	14	2	0	80	0	
	1998	15	1	0	164	0	
	1998	15	2	0	101	0	
	1998	16	1	2	111	0.01801802	
	1998	16	2	0	68	0	
	1998	17	1	0	21	0	
	1998	17	2	0	21	0	
	1998	18	1	0	6	0	
	1998	18	2	0	3	0	
	1999	5	1	0	6	0	
	1999	5	2	0	5	0	
	1999	6	1	0	8	0	
	1999	6	2	0	14	0	
	1999	7	1	0	19	0	
	1999	7	2	0	11	0	
	1999	8	1	0	49	0	
	1999	8	2	0	13	0	
	1999	9	1	0	83	0	
	1999	9	2	0	25	0	
	1999	10	1	0	169	0	
	1999	10	2	0	63	0	
	1999	11	1	2	281	0.007117438	
	1999	11	2	0	101	0	
	1999	12	1	0	385	0	
	1999	12	2	0	128	0	
	1999	13	1	4	391	0.01023018	
	1999	13	2	2	195	0.01025641	
	1999	14	1	3	455	0.006593407	
	1999	14	2	2	223	0.00896861	
	1999	15	1	5	384	0.01302083	
	1999	15	2	0	229	0	
	1999	16	1	2	251	0.007968127	
	1999	16	2	2	180	0.01111111	
	1999	17	1	0	67	0	
	1999	17	2	1	48	0.02083333	
	1999	18	1	2	33	0.06060606	
	1999	18	2	0	18	0	
	1999	19	1	0	2	0	
	1999	20	2	0	1	0	
	2000	5	1	0	6	0	
	2000	5	2	0	1	0	
	2000	6	1	0	9	0	
	2000	6	2	0	3	0	
	2000	7	1	0	19	0	
	2000	7	2	0	10	0	
	2000	8	1	0	52	0	
	2000	8	2	0	18	0	
	2000	9	1	0	115	0	
	2000	9	2	0	32	0	
	2000	10	1	0	199	0	
	2000	10	2	0	65	0	
	2000	11	1	0	335	0	
	2000	11	2	0	117	0	
	2000	12	1	1	458	0.002183406	
	2000	12	2	1	195	0.005128205	
	2000	13	1	2	508	0.003937008	
	2000	13	2	5	223	0.02242152	
	2000	14	1	1	534	0.001872659	
	2000	14	2	1	257	0.003891051	
	2000	15	1	8	472	0.01694915	
	2000	15	2	2	261	0.007662835	
	2000	16	1	2	300	0.006666667	
	2000	16	2	1	208	0.004807692	
	2000	17	1	3	86	0.03488372	
	2000	17	2	1	69	0.01449275	
	2000	18	1	1	21	0.04761905	
	2000	18	2	2	15	0.1333333	
	2000	19	1	0	4	0	
	2000	19	2	0	2	0	
	2001	5	1	0	8	0	
	2001	5	2	0	5	0	
	2001	6	1	0	12	0	
	2001	6	2	0	5	0	
	2001	7	1	0	37	0	
	2001	7	2	0	2	0	
	2001	8	1	0	58	0	
	2001	8	2	0	18	0	
	2001	9	1	1	142	0.007042254	
	2001	9	2	0	38	0	
	2001	10	1	3	214	0.01401869	
	2001	10	2	0	63	0	
	2001	11	1	0	373	0	
	2001	11	2	1	134	0.007462687	
	2001	12	1	1	577	0.001733102	
	2001	12	2	2	188	0.0106383	
	2001	13	1	5	591	0.008460237	
	2001	13	2	1	230	0.004347826	
	2001	14	1	1	604	0.001655629	
	2001	14	2	0	288	0	
	2001	15	1	10	540	0.01851852	
	2001	15	2	1	324	0.00308642	
	2001	16	1	5	395	0.01265823	
	2001	16	2	6	257	0.0233463	
	2001	17	1	4	113	0.03539823	
	2001	17	2	1	107	0.009345794	
	2001	18	1	2	29	0.06896552	
	2001	18	2	0	21	0	
	2001	19	1	0	1	0	
	2001	19	2	0	2	0	
	2001	20	2	0	1	0	
	2002	5	1	0	15	0	
	2002	5	2	0	4	0	
	2002	6	1	0	20	0	
	2002	6	2	0	7	0	
	2002	7	1	0	41	0	
	2002	7	2	0	9	0	
	2002	8	1	0	76	0	
	2002	8	2	0	34	0	
	2002	9	1	1	132	0.007575758	
	2002	9	2	0	57	0	
	2002	10	1	0	266	0	
	2002	10	2	0	89	0	
	2002	11	1	1	450	0.002222222	
	2002	11	2	2	128	0.015625	
	2002	12	1	2	608	0.003289474	
	2002	12	2	1	215	0.004651163	
	2002	13	1	2	639	0.00312989	
	2002	13	2	2	240	0.008333333	
	2002	14	1	4	672	0.005952381	
	2002	14	2	2	370	0.005405405	
	2002	15	1	8	581	0.01376936	
	2002	15	2	2	366	0.005464481	
	2002	16	1	4	400	0.01	
	2002	16	2	2	287	0.006968641	
	2002	17	1	2	180	0.01111111	
	2002	17	2	0	118	0	
	2002	18	1	1	22	0.04545455	
	2002	18	2	0	32	0	
	2002	19	1	0	4	0	
	2002	19	2	1	3	0.3333333	
	2003	5	1	0	18	0	
	2003	5	2	0	4	0	
	2003	6	1	0	19	0	
	2003	6	2	0	7	0	
	2003	7	1	0	40	0	
	2003	7	2	0	13	0	
	2003	8	1	0	89	0	
	2003	8	2	0	26	0	
	2003	9	1	0	171	0	
	2003	9	2	0	72	0	
	2003	10	1	1	288	0.003472222	
	2003	10	2	1	94	0.0106383	
	2003	11	1	0	479	0	
	2003	11	2	0	164	0	
	2003	12	1	0	670	0	
	2003	12	2	2	227	0.008810573	
	2003	13	1	4	646	0.00619195	
	2003	13	2	2	282	0.007092199	
	2003	14	1	3	692	0.00433526	
	2003	14	2	0	338	0	
	2003	15	1	5	656	0.007621951	
	2003	15	2	0	371	0	
	2003	16	1	8	433	0.01847575	
	2003	16	2	3	334	0.008982036	
	2003	17	1	4	189	0.02116402	
	2003	17	2	5	135	0.03703704	
	2003	18	1	0	39	0	
	2003	18	2	2	34	0.05882353	
	2003	19	1	0	3	0	
	2003	19	2	0	3	0	
	2004	5	1	1	9	0.1111111	
	2004	5	2	0	5	0	
	2004	6	1	0	19	0	
	2004	6	2	0	8	0	
	2004	7	1	0	29	0	
	2004	7	2	1	16	0.0625	
	2004	8	1	1	87	0.01149425	
	2004	8	2	0	26	0	
	2004	9	1	0	172	0	
	2004	9	2	3	63	0.04761905	
	2004	10	1	0	273	0	
	2004	10	2	1	94	0.0106383	
	2004	11	1	3	430	0.006976744	
	2004	11	2	0	159	0	
	2004	12	1	4	684	0.005847953	
	2004	12	2	0	214	0	
	2004	13	1	4	718	0.005571031	
	2004	13	2	0	322	0	
	2004	14	1	5	677	0.007385524	
	2004	14	2	2	365	0.005479452	
	2004	15	1	6	664	0.009036145	
	2004	15	2	3	388	0.007731959	
	2004	16	1	6	484	0.01239669	
	2004	16	2	5	321	0.01557632	
	2004	17	1	11	206	0.05339806	
	2004	17	2	6	183	0.03278689	
	2004	18	1	1	39	0.02564103	
	2004	18	2	1	30	0.03333333	
	2004	19	1	0	2	0	
	2005	5	1	0	17	0	
	2005	5	2	0	4	0	
	2005	6	1	1	20	0.05	
	2005	6	2	1	7	0.1428571	
	2005	7	1	0	37	0	
	2005	7	2	0	9	0	
	2005	8	1	2	75	0.02666667	
	2005	8	2	0	28	0	
	2005	9	1	2	178	0.01123596	
	2005	9	2	1	54	0.01851852	
	2005	10	1	3	279	0.01075269	
	2005	10	2	0	97	0	
	2005	11	1	1	448	0.002232143	
	2005	11	2	1	159	0.006289308	
	2005	12	1	3	639	0.004694836	
	2005	12	2	2	289	0.006920415	
	2005	13	1	3	780	0.003846154	
	2005	13	2	0	316	0	
	2005	14	1	3	741	0.004048583	
	2005	14	2	0	409	0	
	2005	15	1	5	749	0.006675567	
	2005	15	2	5	494	0.01012146	
	2005	16	1	7	521	0.0134357	
	2005	16	2	4	417	0.009592326	
	2005	17	1	9	247	0.03643725	
	2005	17	2	2	188	0.0106383	
	2005	18	1	0	51	0	
	2005	18	2	0	46	0	
	2005	19	1	0	5	0	
	2005	19	2	2	6	0.3333333	
	2005	20	2	0	1	0	
	2006	5	1	0	17	0	
	2006	5	2	0	6	0	
	2006	6	1	0	19	0	
	2006	6	2	0	10	0	
	2006	7	1	0	49	0	
	2006	7	2	0	18	0	
	2006	8	1	1	106	0.009433962	
	2006	8	2	1	22	0.04545455	
	2006	9	1	1	194	0.005154639	
	2006	9	2	0	55	0	
	2006	10	1	0	309	0	
	2006	10	2	0	111	0	
	2006	11	1	2	510	0.003921569	
	2006	11	2	3	185	0.01621622	
	2006	12	1	4	758	0.005277045	
	2006	12	2	2	336	0.005952381	
	2006	13	1	6	907	0.006615215	
	2006	13	2	3	451	0.006651885	
	2006	14	1	4	843	0.004744958	
	2006	14	2	3	474	0.006329114	
	2006	15	1	12	871	0.01377727	
	2006	15	2	4	571	0.007005254	
	2006	16	1	7	685	0.01021898	
	2006	16	2	5	494	0.01012146	
	2006	17	1	9	336	0.02678571	
	2006	17	2	7	230	0.03043478	
	2006	18	1	2	52	0.03846154	
	2006	18	2	1	54	0.01851852	
	2006	19	1	0	4	0	
	2006	19	2	0	5	0	
	2007	5	1	0	18	0	
	2007	5	2	0	5	0	
	2007	6	1	0	21	0	
	2007	6	2	0	5	0	
	2007	7	1	0	39	0	
	2007	7	2	0	18	0	
	2007	8	1	0	105	0	
	2007	8	2	0	27	0	
	2007	9	1	0	184	0	
	2007	9	2	1	61	0.01639344	
	2007	10	1	2	353	0.005665722	
	2007	10	2	2	160	0.0125	
	2007	11	1	2	529	0.003780718	
	2007	11	2	0	215	0	
	2007	12	1	10	865	0.01156069	
	2007	12	2	1	315	0.003174603	
	2007	13	1	8	1026	0.007797271	
	2007	13	2	0	449	0	
	2007	14	1	10	1014	0.009861933	
	2007	14	2	2	515	0.003883495	
	2007	15	1	14	947	0.01478353	
	2007	15	2	4	588	0.006802721	
	2007	16	1	5	715	0.006993007	
	2007	16	2	7	585	0.01196581	
	2007	17	1	6	391	0.01534527	
	2007	17	2	5	282	0.0177305	
	2007	18	1	1	86	0.01162791	
	2007	18	2	3	99	0.03030303	
	2007	19	1	0	5	0	
	2007	19	2	0	8	0	
	2007	20	2	0	1	0	
	2008	5	1	0	20	0	
	2008	5	2	0	3	0	
	2008	6	1	0	26	0	
	2008	6	2	0	2	0	
	2008	7	1	0	47	0	
	2008	7	2	1	13	0.07692308	
	2008	8	1	0	87	0	
	2008	8	2	0	44	0	
	2008	9	1	2	224	0.008928571	
	2008	9	2	0	56	0	
	2008	10	1	1	360	0.002777778	
	2008	10	2	1	123	0.008130081	
	2008	11	1	3	567	0.005291005	
	2008	11	2	1	228	0.004385965	
	2008	12	1	6	781	0.007682458	
	2008	12	2	2	305	0.006557377	
	2008	13	1	5	1110	0.004504505	
	2008	13	2	3	528	0.005681818	
	2008	14	1	6	1066	0.005628518	
	2008	14	2	2	607	0.003294893	
	2008	15	1	10	1070	0.009345794	
	2008	15	2	3	639	0.004694836	
	2008	16	1	14	762	0.0183727	
	2008	16	2	5	614	0.008143322	
	2008	17	1	6	412	0.01456311	
	2008	17	2	3	333	0.009009009	
	2008	18	1	1	114	0.00877193	
	2008	18	2	3	96	0.03125	
	2008	19	1	0	8	0	
	2008	19	2	0	14	0	
	2009	5	1	0	20	0	
	2009	5	2	0	6	0	
	2009	6	1	0	28	0	
	2009	6	2	1	6	0.1666667	
	2009	7	1	1	35	0.02857143	
	2009	7	2	0	14	0	
	2009	8	1	0	89	0	
	2009	8	2	0	31	0	
	2009	9	1	2	177	0.01129944	
	2009	9	2	0	66	0	
	2009	10	1	1	317	0.003154574	
	2009	10	2	0	120	0	
	2009	11	1	0	534	0	
	2009	11	2	3	247	0.01214575	
	2009	12	1	4	756	0.005291005	
	2009	12	2	5	278	0.01798561	
	2009	13	1	2	1016	0.001968504	
	2009	13	2	5	487	0.01026694	
	2009	14	1	4	1049	0.003813155	
	2009	14	2	2	562	0.003558719	
	2009	15	1	8	1007	0.007944389	
	2009	15	2	4	590	0.006779661	
	2009	16	1	10	802	0.01246883	
	2009	16	2	5	622	0.008038585	
	2009	17	1	16	412	0.03883495	
	2009	17	2	5	367	0.01362398	
	2009	18	1	3	127	0.02362205	
	2009	18	2	5	155	0.03225806	
	2009	19	1	0	13	0	
	2009	19	2	0	16	0	
	2009	20	2	1	2	0.5	
	2010	5	1	0	15	0	
	2010	5	2	1	7	0.1428571	
	2010	6	1	0	24	0	
	2010	6	2	0	9	0	
	2010	7	1	0	45	0	
	2010	7	2	0	14	0	
	2010	8	1	0	96	0	
	2010	8	2	1	29	0.03448276	
	2010	9	1	1	187	0.005347594	
	2010	9	2	1	70	0.01428571	
	2010	10	1	1	386	0.002590674	
	2010	10	2	1	161	0.00621118	
	2010	11	1	5	569	0.008787346	
	2010	11	2	1	236	0.004237288	
	2010	12	1	2	840	0.002380952	
	2010	12	2	2	398	0.005025126	
	2010	13	1	10	1148	0.008710801	
	2010	13	2	4	525	0.007619048	
	2010	14	1	16	1276	0.01253918	
	2010	14	2	3	746	0.004021448	
	2010	15	1	8	1170	0.006837607	
	2010	15	2	7	707	0.00990099	
	2010	16	1	12	1053	0.01139601	
	2010	16	2	7	759	0.009222661	
	2010	17	1	6	535	0.01121495	
	2010	17	2	7	505	0.01386139	
	2010	18	1	3	153	0.01960784	
	2010	18	2	2	162	0.01234568	
	2010	19	1	1	20	0.05	
	2010	19	2	0	24	0	
	2010	20	1	0	2	0	
	2011	5	1	0	8	0	
	2011	5	2	0	6	0	
	2011	6	1	0	31	0	
	2011	6	2	0	7	0	
	2011	7	1	0	40	0	
	2011	7	2	0	21	0	
	2011	8	1	0	93	0	
	2011	8	2	0	30	0	
	2011	9	1	0	193	0	
	2011	9	2	0	68	0	
	2011	10	1	2	373	0.00536193	
	2011	10	2	0	156	0	
	2011	11	1	4	571	0.007005254	
	2011	11	2	1	248	0.004032258	
	2011	12	1	9	829	0.01085645	
	2011	12	2	3	352	0.008522727	
	2011	13	1	5	1125	0.004444444	
	2011	13	2	5	519	0.009633911	
	2011	14	1	5	1233	0.00405515	
	2011	14	2	2	712	0.002808989	
	2011	15	1	10	1087	0.009199632	
	2011	15	2	9	752	0.01196809	
	2011	16	1	16	1028	0.0155642	
	2011	16	2	8	740	0.01081081	
	2011	17	1	7	638	0.01097179	
	2011	17	2	4	543	0.007366483	
	2011	18	1	4	185	0.02162162	
	2011	18	2	1	191	0.005235602	
	2011	19	1	1	20	0.05	
	2011	19	2	0	18	0	
	2012	5	1	0	12	0	
	2012	5	2	0	6	0	
	2012	6	1	0	25	0	
	2012	6	2	0	2	0	
	2012	7	1	2	34	0.05882353	
	2012	7	2	0	14	0	
	2012	8	1	0	89	0	
	2012	8	2	1	21	0.04761905	
	2012	9	1	0	185	0	
	2012	9	2	1	49	0.02040816	
	2012	10	1	2	320	0.00625	
	2012	10	2	2	155	0.01290323	
	2012	11	1	5	510	0.009803922	
	2012	11	2	0	195	0	
	2012	12	1	6	749	0.008010681	
	2012	12	2	1	315	0.003174603	
	2012	13	1	8	990	0.008080808	
	2012	13	2	3	479	0.006263048	
	2012	14	1	11	1249	0.008807046	
	2012	14	2	5	667	0.007496252	
	2012	15	1	10	1068	0.009363296	
	2012	15	2	9	736	0.01222826	
	2012	16	1	20	992	0.02016129	
	2012	16	2	11	751	0.01464714	
	2012	17	1	16	587	0.02725724	
	2012	17	2	9	489	0.01840491	
	2012	18	1	6	173	0.03468208	
	2012	18	2	1	194	0.005154639	
	2012	19	1	1	22	0.04545455	
	2012	19	2	4	28	0.1428571	
	2012	20	1	0	1	0	
	2012	20	2	0	2	0	
	2013	5	1	0	21	0	
	2013	5	2	0	3	0	
	2013	6	1	0	22	0	
	2013	6	2	0	5	0	
	2013	7	1	1	45	0.02222222	
	2013	7	2	1	8	0.125	
	2013	8	1	1	71	0.01408451	
	2013	8	2	0	41	0	
	2013	9	1	2	183	0.01092896	
	2013	9	2	3	63	0.04761905	
	2013	10	1	0	343	0	
	2013	10	2	2	130	0.01538462	
	2013	11	1	5	529	0.009451796	
	2013	11	2	3	216	0.01388889	
	2013	12	1	5	687	0.00727802	
	2013	12	2	2	346	0.005780347	
	2013	13	1	15	942	0.01592357	
	2013	13	2	6	489	0.01226994	
	2013	14	1	16	1202	0.01331115	
	2013	14	2	9	696	0.01293103	
	2013	15	1	16	1146	0.01396161	
	2013	15	2	11	682	0.01612903	
	2013	16	1	15	1024	0.01464844	
	2013	16	2	4	755	0.005298013	
	2013	17	1	14	680	0.02058824	
	2013	17	2	10	577	0.01733102	
	2013	18	1	7	211	0.03317536	
	2013	18	2	4	214	0.01869159	
	2013	19	1	0	29	0	
	2013	19	2	2	37	0.05405405	
	2013	20	1	0	5	0	
	2013	20	2	0	1	0	

