
	B.1.7.M Hirninfarkt (ICD­10 I63, Alter >19), Mortalität // Infarctus cérébral (CIM­10 I63, âge >19), mortalité // Infarto cerebrale (ICD­10 I63, età >19), mortalità
	BAG/OFSP/UFSP - CH-IQI Version V4.0 - Daten 2013 - 27. Juli 2015

	Jahr	AltEGrp	Sex	DeathCH	CasesCH	pCH	
	1998	5	1	0	4	0	
	1998	5	2	0	3	0	
	1998	6	1	0	9	0	
	1998	6	2	0	11	0	
	1998	7	1	0	11	0	
	1998	7	2	0	15	0	
	1998	8	1	0	13	0	
	1998	8	2	0	10	0	
	1998	9	1	0	24	0	
	1998	9	2	0	28	0	
	1998	10	1	0	39	0	
	1998	10	2	1	10	0.1	
	1998	11	1	0	80	0	
	1998	11	2	1	42	0.02380952	
	1998	12	1	3	112	0.02678571	
	1998	12	2	2	48	0.04166667	
	1998	13	1	9	147	0.06122449	
	1998	13	2	6	77	0.07792208	
	1998	14	1	9	183	0.04918033	
	1998	14	2	8	115	0.06956522	
	1998	15	1	20	234	0.08547009	
	1998	15	2	16	171	0.09356725	
	1998	16	1	27	270	0.1	
	1998	16	2	23	246	0.09349593	
	1998	17	1	34	200	0.17	
	1998	17	2	36	263	0.1368821	
	1998	18	1	23	131	0.1755725	
	1998	18	2	44	239	0.1841004	
	1998	19	1	10	39	0.2564103	
	1998	19	2	21	75	0.28	
	1998	20	1	3	4	0.75	
	1998	20	2	0	8	0	
	1999	5	1	0	6	0	
	1999	5	2	0	4	0	
	1999	6	1	0	6	0	
	1999	6	2	0	6	0	
	1999	7	1	0	8	0	
	1999	7	2	0	7	0	
	1999	8	1	0	28	0	
	1999	8	2	0	16	0	
	1999	9	1	0	35	0	
	1999	9	2	0	18	0	
	1999	10	1	0	54	0	
	1999	10	2	0	32	0	
	1999	11	1	2	92	0.02173913	
	1999	11	2	2	49	0.04081633	
	1999	12	1	8	158	0.05063291	
	1999	12	2	2	44	0.04545455	
	1999	13	1	9	176	0.05113636	
	1999	13	2	5	86	0.05813953	
	1999	14	1	13	247	0.05263158	
	1999	14	2	12	141	0.08510638	
	1999	15	1	31	336	0.0922619	
	1999	15	2	14	248	0.05645161	
	1999	16	1	28	359	0.07799443	
	1999	16	2	29	328	0.08841463	
	1999	17	1	35	267	0.1310861	
	1999	17	2	48	362	0.1325967	
	1999	18	1	31	178	0.1741573	
	1999	18	2	52	321	0.1619938	
	1999	19	1	11	45	0.2444444	
	1999	19	2	20	99	0.2020202	
	1999	20	1	0	4	0	
	1999	20	2	4	18	0.2222222	
	2000	5	1	1	5	0.2	
	2000	5	2	1	13	0.07692308	
	2000	6	1	0	4	0	
	2000	6	2	0	5	0	
	2000	7	1	0	12	0	
	2000	7	2	0	13	0	
	2000	8	1	2	23	0.08695652	
	2000	8	2	0	22	0	
	2000	9	1	1	27	0.03703704	
	2000	9	2	0	28	0	
	2000	10	1	3	69	0.04347826	
	2000	10	2	1	28	0.03571429	
	2000	11	1	5	101	0.04950495	
	2000	11	2	1	54	0.01851852	
	2000	12	1	4	140	0.02857143	
	2000	12	2	7	83	0.08433735	
	2000	13	1	13	201	0.06467662	
	2000	13	2	3	98	0.03061224	
	2000	14	1	18	265	0.06792453	
	2000	14	2	11	154	0.07142857	
	2000	15	1	28	340	0.08235294	
	2000	15	2	18	223	0.08071749	
	2000	16	1	43	390	0.1102564	
	2000	16	2	46	382	0.1204188	
	2000	17	1	41	300	0.1366667	
	2000	17	2	36	365	0.09863014	
	2000	18	1	28	186	0.1505376	
	2000	18	2	48	292	0.1643836	
	2000	19	1	17	61	0.2786885	
	2000	19	2	26	128	0.203125	
	2000	20	1	3	8	0.375	
	2000	20	2	2	21	0.0952381	
	2001	5	1	0	2	0	
	2001	5	2	0	8	0	
	2001	6	1	0	10	0	
	2001	6	2	0	9	0	
	2001	7	1	1	15	0.06666667	
	2001	7	2	0	11	0	
	2001	8	1	0	26	0	
	2001	8	2	0	17	0	
	2001	9	1	2	37	0.05405405	
	2001	9	2	2	28	0.07142857	
	2001	10	1	1	53	0.01886792	
	2001	10	2	1	45	0.02222222	
	2001	11	1	4	138	0.02898551	
	2001	11	2	5	76	0.06578947	
	2001	12	1	1	191	0.005235602	
	2001	12	2	4	83	0.04819277	
	2001	13	1	7	242	0.02892562	
	2001	13	2	5	99	0.05050505	
	2001	14	1	15	294	0.05102041	
	2001	14	2	4	184	0.02173913	
	2001	15	1	29	401	0.0723192	
	2001	15	2	17	247	0.06882591	
	2001	16	1	45	430	0.1046512	
	2001	16	2	42	439	0.09567198	
	2001	17	1	49	364	0.1346154	
	2001	17	2	50	398	0.1256281	
	2001	18	1	41	256	0.1601562	
	2001	18	2	61	372	0.1639785	
	2001	19	1	12	54	0.2222222	
	2001	19	2	37	186	0.1989247	
	2001	20	1	3	9	0.3333333	
	2001	20	2	6	16	0.375	
	2002	5	1	0	8	0	
	2002	5	2	0	4	0	
	2002	6	1	0	6	0	
	2002	6	2	0	9	0	
	2002	7	1	0	16	0	
	2002	7	2	0	12	0	
	2002	8	1	0	34	0	
	2002	8	2	0	23	0	
	2002	9	1	1	51	0.01960784	
	2002	9	2	2	21	0.0952381	
	2002	10	1	2	66	0.03030303	
	2002	10	2	1	55	0.01818182	
	2002	11	1	1	119	0.008403361	
	2002	11	2	2	81	0.02469136	
	2002	12	1	6	220	0.02727273	
	2002	12	2	5	83	0.06024096	
	2002	13	1	11	245	0.04489796	
	2002	13	2	6	118	0.05084746	
	2002	14	1	13	315	0.04126984	
	2002	14	2	9	187	0.04812834	
	2002	15	1	32	426	0.07511737	
	2002	15	2	27	292	0.09246575	
	2002	16	1	40	432	0.09259259	
	2002	16	2	39	417	0.09352518	
	2002	17	1	56	402	0.1393035	
	2002	17	2	68	517	0.131528	
	2002	18	1	38	216	0.1759259	
	2002	18	2	48	362	0.1325967	
	2002	19	1	23	75	0.3066667	
	2002	19	2	36	180	0.2	
	2002	20	1	5	12	0.4166667	
	2002	20	2	5	28	0.1785714	
	2003	5	1	1	7	0.1428571	
	2003	5	2	0	12	0	
	2003	6	1	0	11	0	
	2003	6	2	1	10	0.1	
	2003	7	1	0	13	0	
	2003	7	2	0	18	0	
	2003	8	1	1	39	0.02564103	
	2003	8	2	1	21	0.04761905	
	2003	9	1	0	39	0	
	2003	9	2	0	26	0	
	2003	10	1	2	63	0.03174603	
	2003	10	2	2	60	0.03333333	
	2003	11	1	3	129	0.02325581	
	2003	11	2	1	63	0.01587302	
	2003	12	1	8	213	0.03755869	
	2003	12	2	4	86	0.04651163	
	2003	13	1	7	259	0.02702703	
	2003	13	2	5	119	0.04201681	
	2003	14	1	14	314	0.04458599	
	2003	14	2	6	179	0.03351955	
	2003	15	1	31	468	0.06623932	
	2003	15	2	18	275	0.06545455	
	2003	16	1	37	449	0.08240535	
	2003	16	2	32	450	0.07111111	
	2003	17	1	61	449	0.1358575	
	2003	17	2	69	539	0.1280148	
	2003	18	1	45	221	0.2036199	
	2003	18	2	63	424	0.1485849	
	2003	19	1	28	89	0.3146067	
	2003	19	2	36	166	0.2168675	
	2003	20	1	3	13	0.2307692	
	2003	20	2	9	26	0.3461538	
	2004	5	1	0	4	0	
	2004	5	2	0	11	0	
	2004	6	1	0	3	0	
	2004	6	2	1	10	0.1	
	2004	7	1	0	14	0	
	2004	7	2	0	22	0	
	2004	8	1	0	23	0	
	2004	8	2	0	19	0	
	2004	9	1	3	49	0.06122449	
	2004	9	2	1	48	0.02083333	
	2004	10	1	3	99	0.03030303	
	2004	10	2	1	46	0.02173913	
	2004	11	1	3	137	0.02189781	
	2004	11	2	2	63	0.03174603	
	2004	12	1	7	200	0.035	
	2004	12	2	4	79	0.05063291	
	2004	13	1	8	245	0.03265306	
	2004	13	2	5	119	0.04201681	
	2004	14	1	17	351	0.04843305	
	2004	14	2	11	190	0.05789474	
	2004	15	1	28	365	0.07671233	
	2004	15	2	13	287	0.04529617	
	2004	16	1	39	429	0.09090909	
	2004	16	2	36	482	0.0746888	
	2004	17	1	50	411	0.1216545	
	2004	17	2	59	527	0.1119545	
	2004	18	1	42	221	0.1900452	
	2004	18	2	44	333	0.1321321	
	2004	19	1	16	87	0.183908	
	2004	19	2	41	167	0.245509	
	2004	20	1	1	5	0.2	
	2004	20	2	7	25	0.28	
	2005	5	1	1	6	0.1666667	
	2005	5	2	0	9	0	
	2005	6	1	1	5	0.2	
	2005	6	2	0	8	0	
	2005	7	1	1	10	0.1	
	2005	7	2	1	18	0.05555556	
	2005	8	1	0	30	0	
	2005	8	2	3	39	0.07692308	
	2005	9	1	2	58	0.03448276	
	2005	9	2	1	31	0.03225806	
	2005	10	1	2	94	0.0212766	
	2005	10	2	1	77	0.01298701	
	2005	11	1	2	144	0.01388889	
	2005	11	2	1	63	0.01587302	
	2005	12	1	7	237	0.02953586	
	2005	12	2	1	71	0.01408451	
	2005	13	1	16	300	0.05333333	
	2005	13	2	5	110	0.04545455	
	2005	14	1	13	387	0.03359173	
	2005	14	2	10	182	0.05494505	
	2005	15	1	30	401	0.07481297	
	2005	15	2	20	298	0.06711409	
	2005	16	1	44	487	0.09034908	
	2005	16	2	49	444	0.1103604	
	2005	17	1	54	437	0.1235698	
	2005	17	2	54	561	0.09625668	
	2005	18	1	43	217	0.1981567	
	2005	18	2	62	363	0.1707989	
	2005	19	1	23	84	0.2738095	
	2005	19	2	32	169	0.1893491	
	2005	20	1	3	11	0.2727273	
	2005	20	2	8	28	0.2857143	
	2006	5	1	0	3	0	
	2006	5	2	0	1	0	
	2006	6	1	1	8	0.125	
	2006	6	2	0	18	0	
	2006	7	1	0	12	0	
	2006	7	2	1	23	0.04347826	
	2006	8	1	0	27	0	
	2006	8	2	0	20	0	
	2006	9	1	3	63	0.04761905	
	2006	9	2	0	46	0	
	2006	10	1	0	99	0	
	2006	10	2	1	58	0.01724138	
	2006	11	1	2	175	0.01142857	
	2006	11	2	0	79	0	
	2006	12	1	11	293	0.03754266	
	2006	12	2	5	104	0.04807692	
	2006	13	1	21	336	0.0625	
	2006	13	2	5	154	0.03246753	
	2006	14	1	19	360	0.05277778	
	2006	14	2	5	188	0.02659574	
	2006	15	1	25	502	0.0498008	
	2006	15	2	19	339	0.0560472	
	2006	16	1	54	569	0.09490334	
	2006	16	2	42	542	0.07749077	
	2006	17	1	71	496	0.1431452	
	2006	17	2	68	565	0.120354	
	2006	18	1	49	289	0.1695502	
	2006	18	2	93	477	0.1949686	
	2006	19	1	13	91	0.1428571	
	2006	19	2	32	208	0.1538462	
	2006	20	1	4	12	0.3333333	
	2006	20	2	11	36	0.3055556	
	2007	5	1	0	5	0	
	2007	5	2	0	5	0	
	2007	6	1	0	5	0	
	2007	6	2	0	11	0	
	2007	7	1	0	15	0	
	2007	7	2	3	11	0.2727273	
	2007	8	1	0	30	0	
	2007	8	2	1	26	0.03846154	
	2007	9	1	3	70	0.04285714	
	2007	9	2	2	37	0.05405405	
	2007	10	1	5	107	0.04672897	
	2007	10	2	0	58	0	
	2007	11	1	1	158	0.006329114	
	2007	11	2	0	94	0	
	2007	12	1	10	269	0.03717472	
	2007	12	2	6	113	0.05309735	
	2007	13	1	11	327	0.03363914	
	2007	13	2	7	163	0.04294479	
	2007	14	1	24	402	0.05970149	
	2007	14	2	6	187	0.03208556	
	2007	15	1	27	499	0.05410822	
	2007	15	2	17	331	0.05135952	
	2007	16	1	50	542	0.09225092	
	2007	16	2	40	536	0.07462687	
	2007	17	1	54	493	0.1095335	
	2007	17	2	72	589	0.1222411	
	2007	18	1	48	317	0.1514196	
	2007	18	2	72	500	0.144	
	2007	19	1	20	101	0.1980198	
	2007	19	2	43	235	0.1829787	
	2007	20	1	3	12	0.25	
	2007	20	2	25	50	0.5	
	2008	5	1	0	10	0	
	2008	5	2	0	9	0	
	2008	6	1	0	10	0	
	2008	6	2	0	16	0	
	2008	7	1	0	24	0	
	2008	7	2	0	20	0	
	2008	8	1	2	36	0.05555556	
	2008	8	2	1	27	0.03703704	
	2008	9	1	3	90	0.03333333	
	2008	9	2	1	55	0.01818182	
	2008	10	1	2	107	0.01869159	
	2008	10	2	3	85	0.03529412	
	2008	11	1	4	218	0.01834862	
	2008	11	2	2	82	0.02439024	
	2008	12	1	13	293	0.0443686	
	2008	12	2	7	108	0.06481481	
	2008	13	1	12	387	0.03100775	
	2008	13	2	8	173	0.04624277	
	2008	14	1	14	469	0.02985075	
	2008	14	2	10	244	0.04098361	
	2008	15	1	35	509	0.06876228	
	2008	15	2	24	362	0.06629834	
	2008	16	1	56	672	0.08333333	
	2008	16	2	36	507	0.07100592	
	2008	17	1	54	581	0.0929432	
	2008	17	2	76	652	0.1165644	
	2008	18	1	59	336	0.1755952	
	2008	18	2	74	553	0.1338156	
	2008	19	1	29	126	0.2301587	
	2008	19	2	46	225	0.2044444	
	2008	20	1	5	12	0.4166667	
	2008	20	2	14	55	0.2545455	
	2009	5	1	0	7	0	
	2009	5	2	0	8	0	
	2009	6	1	0	18	0	
	2009	6	2	0	17	0	
	2009	7	1	0	24	0	
	2009	7	2	0	24	0	
	2009	8	1	1	54	0.01851852	
	2009	8	2	0	33	0	
	2009	9	1	2	99	0.02020202	
	2009	9	2	1	51	0.01960784	
	2009	10	1	1	151	0.006622517	
	2009	10	2	2	56	0.03571429	
	2009	11	1	3	221	0.01357466	
	2009	11	2	4	80	0.05	
	2009	12	1	15	305	0.04918033	
	2009	12	2	2	105	0.01904762	
	2009	13	1	13	417	0.03117506	
	2009	13	2	10	183	0.05464481	
	2009	14	1	27	528	0.05113636	
	2009	14	2	16	265	0.06037736	
	2009	15	1	37	620	0.05967742	
	2009	15	2	24	368	0.06521739	
	2009	16	1	47	687	0.06841339	
	2009	16	2	40	562	0.07117438	
	2009	17	1	62	528	0.1174242	
	2009	17	2	63	688	0.09156977	
	2009	18	1	57	408	0.1397059	
	2009	18	2	102	597	0.1708543	
	2009	19	1	30	121	0.2479339	
	2009	19	2	37	187	0.197861	
	2009	20	1	7	14	0.5	
	2009	20	2	14	56	0.25	
	2010	5	1	0	4	0	
	2010	5	2	0	10	0	
	2010	6	1	1	26	0.03846154	
	2010	6	2	0	11	0	
	2010	7	1	0	22	0	
	2010	7	2	0	24	0	
	2010	8	1	0	45	0	
	2010	8	2	0	32	0	
	2010	9	1	0	85	0	
	2010	9	2	0	45	0	
	2010	10	1	3	163	0.01840491	
	2010	10	2	1	88	0.01136364	
	2010	11	1	10	263	0.03802281	
	2010	11	2	1	88	0.01136364	
	2010	12	1	9	352	0.02556818	
	2010	12	2	6	132	0.04545455	
	2010	13	1	18	497	0.0362173	
	2010	13	2	8	203	0.03940887	
	2010	14	1	20	596	0.03355705	
	2010	14	2	11	340	0.03235294	
	2010	15	1	42	648	0.06481481	
	2010	15	2	24	402	0.05970149	
	2010	16	1	59	785	0.07515924	
	2010	16	2	30	653	0.04594181	
	2010	17	1	75	695	0.1079137	
	2010	17	2	90	846	0.106383	
	2010	18	1	71	459	0.1546841	
	2010	18	2	105	720	0.1458333	
	2010	19	1	34	164	0.2073171	
	2010	19	2	53	267	0.1985019	
	2010	20	1	9	25	0.36	
	2010	20	2	18	65	0.2769231	
	2011	5	1	0	4	0	
	2011	5	2	0	5	0	
	2011	6	1	0	17	0	
	2011	6	2	0	24	0	
	2011	7	1	0	29	0	
	2011	7	2	0	22	0	
	2011	8	1	2	52	0.03846154	
	2011	8	2	1	33	0.03030303	
	2011	9	1	0	93	0	
	2011	9	2	0	55	0	
	2011	10	1	4	190	0.02105263	
	2011	10	2	2	80	0.025	
	2011	11	1	8	262	0.03053435	
	2011	11	2	1	112	0.008928571	
	2011	12	1	10	422	0.02369668	
	2011	12	2	3	132	0.02272727	
	2011	13	1	12	498	0.02409639	
	2011	13	2	6	228	0.02631579	
	2011	14	1	17	599	0.02838063	
	2011	14	2	12	325	0.03692308	
	2011	15	1	34	656	0.05182927	
	2011	15	2	17	400	0.0425	
	2011	16	1	48	812	0.0591133	
	2011	16	2	49	723	0.06777317	
	2011	17	1	66	770	0.08571429	
	2011	17	2	68	945	0.07195767	
	2011	18	1	71	553	0.1283906	
	2011	18	2	87	778	0.1118252	
	2011	19	1	34	173	0.1965318	
	2011	19	2	61	364	0.1675824	
	2011	20	1	7	34	0.2058824	
	2011	20	2	21	85	0.2470588	
	2012	5	1	0	9	0	
	2012	5	2	0	17	0	
	2012	6	1	0	18	0	
	2012	6	2	0	17	0	
	2012	7	1	0	38	0	
	2012	7	2	0	19	0	
	2012	8	1	0	54	0	
	2012	8	2	1	42	0.02380952	
	2012	9	1	3	83	0.03614458	
	2012	9	2	0	60	0	
	2012	10	1	1	232	0.004310345	
	2012	10	2	0	135	0	
	2012	11	1	5	307	0.01628664	
	2012	11	2	1	125	0.008	
	2012	12	1	6	439	0.01366743	
	2012	12	2	6	170	0.03529412	
	2012	13	1	13	514	0.02529183	
	2012	13	2	9	252	0.03571429	
	2012	14	1	24	742	0.03234501	
	2012	14	2	14	364	0.03846154	
	2012	15	1	25	718	0.03481894	
	2012	15	2	38	514	0.07392996	
	2012	16	1	52	822	0.06326034	
	2012	16	2	39	775	0.05032258	
	2012	17	1	80	827	0.09673519	
	2012	17	2	66	1047	0.06303725	
	2012	18	1	85	573	0.1483421	
	2012	18	2	119	912	0.1304825	
	2012	19	1	39	195	0.2	
	2012	19	2	87	412	0.211165	
	2012	20	1	8	30	0.2666667	
	2012	20	2	23	106	0.2169811	
	2013	5	1	0	10	0	
	2013	5	2	0	9	0	
	2013	6	1	1	18	0.05555556	
	2013	6	2	0	29	0	
	2013	7	1	1	29	0.03448276	
	2013	7	2	1	28	0.03571429	
	2013	8	1	1	64	0.015625	
	2013	8	2	1	45	0.02222222	
	2013	9	1	1	110	0.009090909	
	2013	9	2	1	76	0.01315789	
	2013	10	1	5	241	0.02074689	
	2013	10	2	2	93	0.02150538	
	2013	11	1	5	335	0.01492537	
	2013	11	2	2	148	0.01351351	
	2013	12	1	8	495	0.01616162	
	2013	12	2	10	170	0.05882353	
	2013	13	1	15	642	0.02336449	
	2013	13	2	8	269	0.02973978	
	2013	14	1	23	799	0.02878598	
	2013	14	2	17	389	0.0437018	
	2013	15	1	34	755	0.04503311	
	2013	15	2	26	530	0.0490566	
	2013	16	1	46	878	0.0523918	
	2013	16	2	54	829	0.06513872	
	2013	17	1	73	836	0.08732057	
	2013	17	2	96	1014	0.09467456	
	2013	18	1	74	575	0.1286957	
	2013	18	2	127	967	0.131334	
	2013	19	1	41	202	0.2029703	
	2013	19	2	84	440	0.1909091	
	2013	20	1	7	38	0.1842105	
	2013	20	2	21	98	0.2142857	

