
	B.1.12.M Schlaganfall n.n.bez. (ICD­10 I64, Alter >19), Mortalität // Accident vasculaire cérébral, sans précision (CIM­10 I64, âge >19), mortalité // Colpo apoplettico, non altrimenti specificato (ICD­10 I64, età >19), mortalità
	BAG/OFSP/UFSP - CH-IQI Version V4.0 - Daten 2013 - 27. Juli 2015

	Jahr	AltEGrp	Sex	DeathCH	CasesCH	pCH	
	1998	5	1	0	3	0	
	1998	5	2	0	1	0	
	1998	6	2	0	5	0	
	1998	7	1	0	3	0	
	1998	7	2	0	4	0	
	1998	8	1	0	8	0	
	1998	8	2	0	2	0	
	1998	9	1	0	3	0	
	1998	9	2	0	7	0	
	1998	10	1	0	23	0	
	1998	10	2	0	10	0	
	1998	11	1	0	31	0	
	1998	11	2	0	20	0	
	1998	12	1	3	66	0.04545455	
	1998	12	2	1	30	0.03333333	
	1998	13	1	5	72	0.06944444	
	1998	13	2	4	45	0.08888889	
	1998	14	1	4	109	0.03669725	
	1998	14	2	4	66	0.06060606	
	1998	15	1	10	162	0.0617284	
	1998	15	2	5	111	0.04504505	
	1998	16	1	17	169	0.1005917	
	1998	16	2	25	173	0.1445087	
	1998	17	1	35	182	0.1923077	
	1998	17	2	31	209	0.1483254	
	1998	18	1	37	131	0.2824427	
	1998	18	2	44	222	0.1981982	
	1998	19	1	12	38	0.3157895	
	1998	19	2	29	90	0.3222222	
	1998	20	1	5	16	0.3125	
	1998	20	2	8	21	0.3809524	
	1999	5	2	0	1	0	
	1999	6	1	0	1	0	
	1999	6	2	0	1	0	
	1999	7	1	0	1	0	
	1999	7	2	1	3	0.3333333	
	1999	8	1	0	9	0	
	1999	8	2	0	8	0	
	1999	9	1	0	10	0	
	1999	9	2	0	2	0	
	1999	10	1	0	12	0	
	1999	10	2	0	12	0	
	1999	11	1	3	50	0.06	
	1999	11	2	0	19	0	
	1999	12	1	2	59	0.03389831	
	1999	12	2	1	23	0.04347826	
	1999	13	1	5	90	0.05555556	
	1999	13	2	4	47	0.08510638	
	1999	14	1	10	124	0.08064516	
	1999	14	2	6	88	0.06818182	
	1999	15	1	21	190	0.1105263	
	1999	15	2	12	135	0.08888889	
	1999	16	1	37	269	0.1375465	
	1999	16	2	42	250	0.168	
	1999	17	1	32	182	0.1758242	
	1999	17	2	42	277	0.1516245	
	1999	18	1	42	157	0.2675159	
	1999	18	2	54	259	0.2084942	
	1999	19	1	12	46	0.2608696	
	1999	19	2	33	134	0.2462687	
	1999	20	1	4	7	0.5714286	
	1999	20	2	8	26	0.3076923	
	2000	5	1	0	1	0	
	2000	6	2	0	5	0	
	2000	7	1	0	2	0	
	2000	7	2	0	2	0	
	2000	8	1	0	3	0	
	2000	8	2	0	3	0	
	2000	9	1	0	6	0	
	2000	9	2	0	9	0	
	2000	10	1	0	19	0	
	2000	10	2	1	11	0.09090909	
	2000	11	1	1	35	0.02857143	
	2000	11	2	0	20	0	
	2000	12	1	1	62	0.01612903	
	2000	12	2	0	35	0	
	2000	13	1	3	100	0.03	
	2000	13	2	2	41	0.04878049	
	2000	14	1	6	116	0.05172414	
	2000	14	2	5	84	0.05952381	
	2000	15	1	19	166	0.1144578	
	2000	15	2	22	153	0.1437908	
	2000	16	1	36	255	0.1411765	
	2000	16	2	38	245	0.155102	
	2000	17	1	30	210	0.1428571	
	2000	17	2	65	314	0.2070064	
	2000	18	1	40	175	0.2285714	
	2000	18	2	66	282	0.2340426	
	2000	19	1	23	58	0.3965517	
	2000	19	2	29	136	0.2132353	
	2000	20	1	3	11	0.2727273	
	2000	20	2	9	25	0.36	
	2001	5	2	0	2	0	
	2001	6	1	0	1	0	
	2001	6	2	0	5	0	
	2001	7	2	0	1	0	
	2001	8	1	0	10	0	
	2001	8	2	0	4	0	
	2001	9	1	1	17	0.05882353	
	2001	9	2	0	7	0	
	2001	10	1	0	21	0	
	2001	10	2	0	20	0	
	2001	11	1	0	32	0	
	2001	11	2	0	29	0	
	2001	12	1	2	64	0.03125	
	2001	12	2	1	36	0.02777778	
	2001	13	1	5	88	0.05681818	
	2001	13	2	1	45	0.02222222	
	2001	14	1	12	131	0.09160305	
	2001	14	2	4	87	0.04597701	
	2001	15	1	17	184	0.0923913	
	2001	15	2	15	154	0.0974026	
	2001	16	1	31	212	0.1462264	
	2001	16	2	24	236	0.1016949	
	2001	17	1	42	232	0.1810345	
	2001	17	2	54	331	0.163142	
	2001	18	1	40	160	0.25	
	2001	18	2	62	309	0.2006472	
	2001	19	1	18	56	0.3214286	
	2001	19	2	40	127	0.3149606	
	2001	20	1	4	11	0.3636364	
	2001	20	2	13	36	0.3611111	
	2002	5	1	0	1	0	
	2002	5	2	0	1	0	
	2002	6	1	0	1	0	
	2002	6	2	0	2	0	
	2002	7	1	0	8	0	
	2002	7	2	0	6	0	
	2002	8	1	1	11	0.09090909	
	2002	8	2	0	1	0	
	2002	9	1	0	17	0	
	2002	9	2	0	13	0	
	2002	10	1	1	29	0.03448276	
	2002	10	2	1	12	0.08333333	
	2002	11	1	1	48	0.02083333	
	2002	11	2	1	30	0.03333333	
	2002	12	1	1	77	0.01298701	
	2002	12	2	0	32	0	
	2002	13	1	3	87	0.03448276	
	2002	13	2	2	50	0.04	
	2002	14	1	6	133	0.04511278	
	2002	14	2	1	69	0.01449275	
	2002	15	1	18	186	0.09677419	
	2002	15	2	12	132	0.09090909	
	2002	16	1	31	215	0.144186	
	2002	16	2	22	238	0.09243697	
	2002	17	1	41	223	0.1838565	
	2002	17	2	40	282	0.141844	
	2002	18	1	41	149	0.2751678	
	2002	18	2	64	279	0.2293907	
	2002	19	1	15	53	0.2830189	
	2002	19	2	30	129	0.2325581	
	2002	20	1	5	15	0.3333333	
	2002	20	2	8	24	0.3333333	
	2003	5	2	0	1	0	
	2003	6	1	0	3	0	
	2003	6	2	0	3	0	
	2003	7	1	0	8	0	
	2003	7	2	0	8	0	
	2003	8	1	0	9	0	
	2003	8	2	0	10	0	
	2003	9	1	0	16	0	
	2003	9	2	1	17	0.05882353	
	2003	10	1	1	29	0.03448276	
	2003	10	2	1	18	0.05555556	
	2003	11	1	0	47	0	
	2003	11	2	0	19	0	
	2003	12	1	2	73	0.02739726	
	2003	12	2	0	33	0	
	2003	13	1	6	105	0.05714286	
	2003	13	2	2	46	0.04347826	
	2003	14	1	7	139	0.05035971	
	2003	14	2	6	70	0.08571429	
	2003	15	1	22	193	0.1139896	
	2003	15	2	18	152	0.1184211	
	2003	16	1	22	205	0.1073171	
	2003	16	2	23	232	0.09913793	
	2003	17	1	47	240	0.1958333	
	2003	17	2	52	320	0.1625	
	2003	18	1	28	148	0.1891892	
	2003	18	2	48	248	0.1935484	
	2003	19	1	22	62	0.3548387	
	2003	19	2	42	135	0.3111111	
	2003	20	1	4	10	0.4	
	2003	20	2	12	27	0.4444444	
	2004	5	2	0	3	0	
	2004	6	1	0	2	0	
	2004	6	2	0	1	0	
	2004	7	1	0	5	0	
	2004	7	2	0	5	0	
	2004	8	1	0	7	0	
	2004	8	2	0	8	0	
	2004	9	1	0	13	0	
	2004	9	2	0	16	0	
	2004	10	1	0	33	0	
	2004	10	2	2	22	0.09090909	
	2004	11	1	0	49	0	
	2004	11	2	1	24	0.04166667	
	2004	12	1	0	72	0	
	2004	12	2	3	36	0.08333333	
	2004	13	1	7	103	0.06796117	
	2004	13	2	1	46	0.02173913	
	2004	14	1	5	142	0.03521127	
	2004	14	2	7	82	0.08536585	
	2004	15	1	16	217	0.07373272	
	2004	15	2	15	140	0.1071429	
	2004	16	1	29	220	0.1318182	
	2004	16	2	19	232	0.08189655	
	2004	17	1	39	264	0.1477273	
	2004	17	2	36	259	0.1389961	
	2004	18	1	39	154	0.2532468	
	2004	18	2	48	217	0.2211982	
	2004	19	1	21	79	0.2658228	
	2004	19	2	33	130	0.2538462	
	2004	20	1	2	2	1	
	2004	20	2	5	26	0.1923077	
	2005	6	1	0	6	0	
	2005	7	1	0	4	0	
	2005	7	2	1	6	0.1666667	
	2005	8	1	0	8	0	
	2005	8	2	0	7	0	
	2005	9	1	0	8	0	
	2005	9	2	0	9	0	
	2005	10	1	0	23	0	
	2005	10	2	1	19	0.05263158	
	2005	11	1	2	49	0.04081633	
	2005	11	2	0	25	0	
	2005	12	1	0	64	0	
	2005	12	2	0	32	0	
	2005	13	1	5	86	0.05813953	
	2005	13	2	1	39	0.02564103	
	2005	14	1	6	106	0.05660377	
	2005	14	2	5	66	0.07575758	
	2005	15	1	12	146	0.08219178	
	2005	15	2	6	129	0.04651163	
	2005	16	1	22	217	0.1013825	
	2005	16	2	20	177	0.1129944	
	2005	17	1	34	195	0.174359	
	2005	17	2	40	262	0.1526718	
	2005	18	1	26	131	0.1984733	
	2005	18	2	43	230	0.1869565	
	2005	19	1	28	63	0.4444444	
	2005	19	2	38	123	0.3089431	
	2005	20	1	4	12	0.3333333	
	2005	20	2	11	30	0.3666667	
	2006	5	1	0	1	0	
	2006	5	2	0	1	0	
	2006	6	1	0	2	0	
	2006	6	2	0	1	0	
	2006	7	1	0	2	0	
	2006	7	2	0	2	0	
	2006	8	1	0	3	0	
	2006	8	2	0	8	0	
	2006	9	1	1	19	0.05263158	
	2006	9	2	0	8	0	
	2006	10	1	0	28	0	
	2006	10	2	0	14	0	
	2006	11	1	1	46	0.02173913	
	2006	11	2	0	16	0	
	2006	12	1	1	59	0.01694915	
	2006	12	2	0	20	0	
	2006	13	1	2	79	0.02531646	
	2006	13	2	1	35	0.02857143	
	2006	14	1	6	101	0.05940594	
	2006	14	2	6	56	0.1071429	
	2006	15	1	17	159	0.1069182	
	2006	15	2	9	120	0.075	
	2006	16	1	24	170	0.1411765	
	2006	16	2	12	190	0.06315789	
	2006	17	1	25	184	0.1358696	
	2006	17	2	27	248	0.108871	
	2006	18	1	36	144	0.25	
	2006	18	2	44	220	0.2	
	2006	19	1	24	63	0.3809524	
	2006	19	2	27	111	0.2432432	
	2006	20	1	5	7	0.7142857	
	2006	20	2	10	33	0.3030303	
	2007	6	1	0	1	0	
	2007	7	1	0	2	0	
	2007	7	2	0	1	0	
	2007	8	1	0	3	0	
	2007	8	2	0	6	0	
	2007	9	1	0	11	0	
	2007	9	2	0	10	0	
	2007	10	1	0	16	0	
	2007	10	2	1	11	0.09090909	
	2007	11	1	0	37	0	
	2007	11	2	0	13	0	
	2007	12	1	0	59	0	
	2007	12	2	1	41	0.02439024	
	2007	13	1	2	78	0.02564103	
	2007	13	2	1	40	0.025	
	2007	14	1	7	104	0.06730769	
	2007	14	2	1	61	0.01639344	
	2007	15	1	8	129	0.0620155	
	2007	15	2	9	125	0.072	
	2007	16	1	19	154	0.1233766	
	2007	16	2	15	171	0.0877193	
	2007	17	1	21	171	0.122807	
	2007	17	2	41	273	0.1501832	
	2007	18	1	31	145	0.2137931	
	2007	18	2	41	215	0.1906977	
	2007	19	1	17	65	0.2615385	
	2007	19	2	27	100	0.27	
	2007	20	1	7	18	0.3888889	
	2007	20	2	14	32	0.4375	
	2008	5	2	0	3	0	
	2008	6	1	0	1	0	
	2008	7	1	0	3	0	
	2008	7	2	0	3	0	
	2008	8	1	0	5	0	
	2008	8	2	0	8	0	
	2008	9	1	0	14	0	
	2008	9	2	0	6	0	
	2008	10	1	0	15	0	
	2008	10	2	0	9	0	
	2008	11	1	0	35	0	
	2008	11	2	0	11	0	
	2008	12	1	0	46	0	
	2008	12	2	0	15	0	
	2008	13	1	0	75	0	
	2008	13	2	0	32	0	
	2008	14	1	4	98	0.04081633	
	2008	14	2	3	43	0.06976744	
	2008	15	1	2	97	0.02061856	
	2008	15	2	5	87	0.05747126	
	2008	16	1	14	145	0.09655172	
	2008	16	2	12	131	0.09160305	
	2008	17	1	14	170	0.08235294	
	2008	17	2	33	194	0.1701031	
	2008	18	1	28	143	0.1958042	
	2008	18	2	36	199	0.1809045	
	2008	19	1	15	55	0.2727273	
	2008	19	2	33	111	0.2972973	
	2008	20	1	5	15	0.3333333	
	2008	20	2	10	25	0.4	
	2009	5	1	0	1	0	
	2009	6	1	0	1	0	
	2009	6	2	0	2	0	
	2009	7	1	0	1	0	
	2009	7	2	0	3	0	
	2009	8	1	0	4	0	
	2009	8	2	0	2	0	
	2009	9	1	0	10	0	
	2009	9	2	0	3	0	
	2009	10	1	0	25	0	
	2009	10	2	0	7	0	
	2009	11	1	0	25	0	
	2009	11	2	0	10	0	
	2009	12	1	2	55	0.03636364	
	2009	12	2	1	16	0.0625	
	2009	13	1	3	65	0.04615385	
	2009	13	2	1	36	0.02777778	
	2009	14	1	0	84	0	
	2009	14	2	4	51	0.07843137	
	2009	15	1	7	106	0.06603774	
	2009	15	2	4	74	0.05405405	
	2009	16	1	10	138	0.07246377	
	2009	16	2	7	124	0.05645161	
	2009	17	1	16	135	0.1185185	
	2009	17	2	22	196	0.1122449	
	2009	18	1	25	102	0.245098	
	2009	18	2	41	195	0.2102564	
	2009	19	1	13	46	0.2826087	
	2009	19	2	21	83	0.253012	
	2009	20	1	2	8	0.25	
	2009	20	2	13	26	0.5	
	2010	5	1	0	1	0	
	2010	6	2	0	1	0	
	2010	7	1	0	1	0	
	2010	7	2	0	1	0	
	2010	8	1	0	5	0	
	2010	8	2	0	5	0	
	2010	9	1	0	12	0	
	2010	9	2	0	7	0	
	2010	10	1	1	13	0.07692308	
	2010	10	2	0	14	0	
	2010	11	1	0	33	0	
	2010	11	2	0	15	0	
	2010	12	1	1	49	0.02040816	
	2010	12	2	1	17	0.05882353	
	2010	13	1	3	51	0.05882353	
	2010	13	2	0	22	0	
	2010	14	1	3	79	0.03797468	
	2010	14	2	3	37	0.08108108	
	2010	15	1	3	71	0.04225352	
	2010	15	2	3	62	0.0483871	
	2010	16	1	13	141	0.09219858	
	2010	16	2	2	119	0.01680672	
	2010	17	1	19	155	0.1225806	
	2010	17	2	17	198	0.08585859	
	2010	18	1	25	135	0.1851852	
	2010	18	2	36	179	0.2011173	
	2010	19	1	13	40	0.325	
	2010	19	2	33	93	0.3548387	
	2010	20	1	4	8	0.5	
	2010	20	2	12	34	0.3529412	
	2011	5	1	0	1	0	
	2011	5	2	0	2	0	
	2011	6	2	0	1	0	
	2011	7	1	0	2	0	
	2011	7	2	0	3	0	
	2011	8	1	0	4	0	
	2011	8	2	0	1	0	
	2011	9	1	0	11	0	
	2011	9	2	0	6	0	
	2011	10	1	0	13	0	
	2011	10	2	0	7	0	
	2011	11	1	0	24	0	
	2011	11	2	0	6	0	
	2011	12	1	0	38	0	
	2011	12	2	0	21	0	
	2011	13	1	1	55	0.01818182	
	2011	13	2	2	34	0.05882353	
	2011	14	1	2	65	0.03076923	
	2011	14	2	2	33	0.06060606	
	2011	15	1	8	84	0.0952381	
	2011	15	2	6	54	0.1111111	
	2011	16	1	9	130	0.06923077	
	2011	16	2	9	98	0.09183673	
	2011	17	1	11	137	0.08029197	
	2011	17	2	5	146	0.03424658	
	2011	18	1	20	106	0.1886792	
	2011	18	2	23	150	0.1533333	
	2011	19	1	8	52	0.1538462	
	2011	19	2	13	81	0.1604938	
	2011	20	1	2	10	0.2	
	2011	20	2	5	15	0.3333333	
	2012	5	1	0	1	0	
	2012	5	2	0	3	0	
	2012	6	1	0	3	0	
	2012	6	2	0	1	0	
	2012	7	1	0	3	0	
	2012	7	2	0	4	0	
	2012	8	1	0	2	0	
	2012	8	2	0	4	0	
	2012	9	1	0	6	0	
	2012	9	2	0	9	0	
	2012	10	1	0	15	0	
	2012	10	2	0	11	0	
	2012	11	1	0	13	0	
	2012	11	2	1	13	0.07692308	
	2012	12	1	0	32	0	
	2012	12	2	0	15	0	
	2012	13	1	2	45	0.04444444	
	2012	13	2	2	33	0.06060606	
	2012	14	1	5	79	0.06329114	
	2012	14	2	2	39	0.05128205	
	2012	15	1	3	72	0.04166667	
	2012	15	2	1	69	0.01449275	
	2012	16	1	12	85	0.1411765	
	2012	16	2	8	77	0.1038961	
	2012	17	1	10	91	0.1098901	
	2012	17	2	19	127	0.1496063	
	2012	18	1	10	69	0.1449275	
	2012	18	2	18	115	0.1565217	
	2012	19	1	15	44	0.3409091	
	2012	19	2	21	78	0.2692308	
	2012	20	1	2	10	0.2	
	2012	20	2	4	16	0.25	
	2013	5	2	0	2	0	
	2013	6	1	0	1	0	
	2013	7	1	0	1	0	
	2013	7	2	0	6	0	
	2013	8	1	0	3	0	
	2013	8	2	0	3	0	
	2013	9	1	0	15	0	
	2013	9	2	0	8	0	
	2013	10	1	0	13	0	
	2013	10	2	0	7	0	
	2013	11	1	0	21	0	
	2013	11	2	0	9	0	
	2013	12	1	0	28	0	
	2013	12	2	1	11	0.09090909	
	2013	13	1	3	45	0.06666667	
	2013	13	2	1	14	0.07142857	
	2013	14	1	2	44	0.04545455	
	2013	14	2	2	38	0.05263158	
	2013	15	1	1	64	0.015625	
	2013	15	2	4	68	0.05882353	
	2013	16	1	7	93	0.07526882	
	2013	16	2	4	85	0.04705882	
	2013	17	1	10	107	0.09345794	
	2013	17	2	14	113	0.1238938	
	2013	18	1	11	80	0.1375	
	2013	18	2	22	120	0.1833333	
	2013	19	1	12	40	0.3	
	2013	19	2	19	73	0.260274	
	2013	20	1	2	9	0.2222222	
	2013	20	2	10	27	0.3703704	

