
	B.1.13.M Hirninfarkt (ICD­10 I63, Alter >19), nur Zuverlegungen, Mortalität // Infarctus cérébral (CIM­10 I63, âge >19), admissions directes pas transféré, mortalité // Infarto cerebrale (ICD­10 I63, età >19), trasferito da un altro ospedale, mortalità
	BAG/OFSP/UFSP - CH-IQI Version V4.0 - Daten 2013 - 27. Juli 2015

	Jahr	AltEGrp	Sex	DeathCH	CasesCH	pCH	
	1998	6	1	0	3	0	
	1998	6	2	0	2	0	
	1998	7	1	0	1	0	
	1998	7	2	0	3	0	
	1998	8	1	0	3	0	
	1998	8	2	0	3	0	
	1998	9	1	0	5	0	
	1998	9	2	0	5	0	
	1998	10	1	0	5	0	
	1998	11	1	0	10	0	
	1998	11	2	0	4	0	
	1998	12	1	0	9	0	
	1998	12	2	0	7	0	
	1998	13	1	4	17	0.2352941	
	1998	13	2	1	11	0.09090909	
	1998	14	1	0	22	0	
	1998	14	2	1	10	0.1	
	1998	15	1	1	15	0.06666667	
	1998	15	2	2	10	0.2	
	1998	16	1	1	13	0.07692308	
	1998	16	2	0	16	0	
	1998	17	1	2	10	0.2	
	1998	17	2	1	13	0.07692308	
	1998	18	1	2	6	0.3333333	
	1998	18	2	2	11	0.1818182	
	1998	19	1	0	1	0	
	1998	19	2	0	2	0	
	1998	20	2	0	4	0	
	1999	5	1	0	2	0	
	1999	5	2	0	1	0	
	1999	6	1	0	1	0	
	1999	6	2	0	2	0	
	1999	7	2	0	1	0	
	1999	8	1	0	6	0	
	1999	9	1	0	7	0	
	1999	9	2	0	2	0	
	1999	10	1	0	6	0	
	1999	10	2	0	5	0	
	1999	11	1	0	6	0	
	1999	11	2	0	5	0	
	1999	12	1	2	25	0.08	
	1999	12	2	1	4	0.25	
	1999	13	1	1	12	0.08333333	
	1999	13	2	1	6	0.1666667	
	1999	14	1	2	28	0.07142857	
	1999	14	2	2	23	0.08695652	
	1999	15	1	4	27	0.1481481	
	1999	15	2	2	29	0.06896552	
	1999	16	1	1	27	0.03703704	
	1999	16	2	3	36	0.08333333	
	1999	17	1	4	24	0.1666667	
	1999	17	2	3	40	0.075	
	1999	18	1	0	16	0	
	1999	18	2	3	38	0.07894737	
	1999	19	1	1	4	0.25	
	1999	19	2	3	12	0.25	
	1999	20	2	2	4	0.5	
	2000	5	1	1	4	0.25	
	2000	5	2	0	2	0	
	2000	7	1	0	2	0	
	2000	8	1	0	4	0	
	2000	8	2	0	4	0	
	2000	9	1	0	5	0	
	2000	9	2	0	1	0	
	2000	10	1	0	7	0	
	2000	10	2	0	8	0	
	2000	11	1	1	13	0.07692308	
	2000	11	2	0	9	0	
	2000	12	1	0	16	0	
	2000	12	2	0	12	0	
	2000	13	1	1	25	0.04	
	2000	13	2	1	13	0.07692308	
	2000	14	1	4	31	0.1290323	
	2000	14	2	2	22	0.09090909	
	2000	15	1	5	34	0.1470588	
	2000	15	2	1	19	0.05263158	
	2000	16	1	4	32	0.125	
	2000	16	2	5	40	0.125	
	2000	17	1	5	30	0.1666667	
	2000	17	2	3	35	0.08571429	
	2000	18	1	4	21	0.1904762	
	2000	18	2	3	22	0.1363636	
	2000	19	1	0	4	0	
	2000	19	2	3	13	0.2307692	
	2000	20	1	1	1	1	
	2000	20	2	0	4	0	
	2001	5	2	0	1	0	
	2001	7	1	0	5	0	
	2001	8	1	0	6	0	
	2001	8	2	0	1	0	
	2001	9	1	1	6	0.1666667	
	2001	9	2	1	2	0.5	
	2001	10	1	1	5	0.2	
	2001	10	2	0	6	0	
	2001	11	1	1	16	0.0625	
	2001	11	2	2	13	0.1538462	
	2001	12	1	0	28	0	
	2001	12	2	1	9	0.1111111	
	2001	13	1	3	30	0.1	
	2001	13	2	0	11	0	
	2001	14	1	2	30	0.06666667	
	2001	14	2	2	23	0.08695652	
	2001	15	1	3	31	0.09677419	
	2001	15	2	2	27	0.07407407	
	2001	16	1	5	40	0.125	
	2001	16	2	5	39	0.1282051	
	2001	17	1	4	30	0.1333333	
	2001	17	2	3	23	0.1304348	
	2001	18	1	3	25	0.12	
	2001	18	2	4	31	0.1290323	
	2001	19	1	3	4	0.75	
	2001	19	2	1	12	0.08333333	
	2001	20	2	0	1	0	
	2002	5	1	0	1	0	
	2002	5	2	0	2	0	
	2002	6	2	0	5	0	
	2002	7	1	0	3	0	
	2002	7	2	0	2	0	
	2002	8	1	0	2	0	
	2002	8	2	0	3	0	
	2002	9	1	0	10	0	
	2002	9	2	0	1	0	
	2002	10	1	1	10	0.1	
	2002	10	2	0	11	0	
	2002	11	1	1	12	0.08333333	
	2002	11	2	0	7	0	
	2002	12	1	1	30	0.03333333	
	2002	12	2	1	8	0.125	
	2002	13	1	3	19	0.1578947	
	2002	13	2	1	12	0.08333333	
	2002	14	1	2	23	0.08695652	
	2002	14	2	0	7	0	
	2002	15	1	5	42	0.1190476	
	2002	15	2	1	25	0.04	
	2002	16	1	0	25	0	
	2002	16	2	1	45	0.02222222	
	2002	17	1	4	27	0.1481481	
	2002	17	2	3	29	0.1034483	
	2002	18	1	2	15	0.1333333	
	2002	18	2	2	15	0.1333333	
	2002	19	1	0	2	0	
	2002	19	2	4	17	0.2352941	
	2002	20	1	0	1	0	
	2002	20	2	0	3	0	
	2003	5	1	1	1	1	
	2003	5	2	0	4	0	
	2003	6	1	0	3	0	
	2003	6	2	1	4	0.25	
	2003	7	1	0	4	0	
	2003	7	2	0	4	0	
	2003	8	1	1	12	0.08333333	
	2003	8	2	1	7	0.1428571	
	2003	9	1	0	3	0	
	2003	9	2	0	3	0	
	2003	10	1	0	10	0	
	2003	10	2	0	9	0	
	2003	11	1	0	8	0	
	2003	11	2	0	3	0	
	2003	12	1	1	23	0.04347826	
	2003	12	2	1	8	0.125	
	2003	13	1	1	23	0.04347826	
	2003	13	2	0	7	0	
	2003	14	1	1	28	0.03571429	
	2003	14	2	0	16	0	
	2003	15	1	3	43	0.06976744	
	2003	15	2	1	19	0.05263158	
	2003	16	1	4	29	0.137931	
	2003	16	2	5	42	0.1190476	
	2003	17	1	5	37	0.1351351	
	2003	17	2	6	38	0.1578947	
	2003	18	1	2	19	0.1052632	
	2003	18	2	2	40	0.05	
	2003	19	1	0	2	0	
	2003	19	2	0	7	0	
	2003	20	1	0	1	0	
	2003	20	2	0	1	0	
	2004	5	1	0	2	0	
	2004	5	2	0	1	0	
	2004	6	2	1	2	0.5	
	2004	7	1	0	2	0	
	2004	7	2	0	1	0	
	2004	8	1	0	2	0	
	2004	8	2	0	1	0	
	2004	9	1	0	6	0	
	2004	9	2	0	5	0	
	2004	10	1	0	12	0	
	2004	10	2	0	4	0	
	2004	11	1	1	8	0.125	
	2004	11	2	0	6	0	
	2004	12	1	1	18	0.05555556	
	2004	12	2	0	14	0	
	2004	13	1	2	21	0.0952381	
	2004	13	2	1	16	0.0625	
	2004	14	1	3	38	0.07894737	
	2004	14	2	3	27	0.1111111	
	2004	15	1	4	44	0.09090909	
	2004	15	2	1	28	0.03571429	
	2004	16	1	3	27	0.1111111	
	2004	16	2	4	34	0.1176471	
	2004	17	1	5	32	0.15625	
	2004	17	2	5	43	0.1162791	
	2004	18	1	4	17	0.2352941	
	2004	18	2	2	15	0.1333333	
	2004	19	1	4	8	0.5	
	2004	19	2	2	11	0.1818182	
	2004	20	1	1	1	1	
	2004	20	2	0	1	0	
	2005	5	1	1	2	0.5	
	2005	5	2	0	1	0	
	2005	6	1	1	2	0.5	
	2005	6	2	0	1	0	
	2005	7	1	1	1	1	
	2005	7	2	1	4	0.25	
	2005	8	1	0	4	0	
	2005	8	2	0	9	0	
	2005	9	1	1	8	0.125	
	2005	9	2	1	4	0.25	
	2005	10	1	0	12	0	
	2005	10	2	0	15	0	
	2005	11	1	1	16	0.0625	
	2005	11	2	0	7	0	
	2005	12	1	3	26	0.1153846	
	2005	12	2	0	10	0	
	2005	13	1	4	27	0.1481481	
	2005	13	2	0	7	0	
	2005	14	1	2	36	0.05555556	
	2005	14	2	0	11	0	
	2005	15	1	4	37	0.1081081	
	2005	15	2	3	27	0.1111111	
	2005	16	1	6	44	0.1363636	
	2005	16	2	6	40	0.15	
	2005	17	1	4	30	0.1333333	
	2005	17	2	2	25	0.08	
	2005	18	1	2	15	0.1333333	
	2005	18	2	8	32	0.25	
	2005	19	1	0	3	0	
	2005	19	2	1	8	0.125	
	2005	20	2	1	2	0.5	
	2006	7	1	0	1	0	
	2006	7	2	0	5	0	
	2006	8	1	0	4	0	
	2006	8	2	0	3	0	
	2006	9	1	1	10	0.1	
	2006	9	2	0	4	0	
	2006	10	1	0	10	0	
	2006	10	2	0	7	0	
	2006	11	1	0	13	0	
	2006	11	2	0	10	0	
	2006	12	1	1	38	0.02631579	
	2006	12	2	2	13	0.1538462	
	2006	13	1	5	39	0.1282051	
	2006	13	2	0	13	0	
	2006	14	1	2	32	0.0625	
	2006	14	2	2	20	0.1	
	2006	15	1	6	46	0.1304348	
	2006	15	2	1	31	0.03225806	
	2006	16	1	8	57	0.1403509	
	2006	16	2	4	45	0.08888889	
	2006	17	1	4	29	0.137931	
	2006	17	2	6	33	0.1818182	
	2006	18	1	3	16	0.1875	
	2006	18	2	3	32	0.09375	
	2006	19	1	0	6	0	
	2006	19	2	2	25	0.08	
	2006	20	2	0	2	0	
	2007	5	2	0	1	0	
	2007	6	2	0	1	0	
	2007	7	1	0	2	0	
	2007	7	2	1	2	0.5	
	2007	8	1	0	5	0	
	2007	8	2	0	5	0	
	2007	9	1	2	17	0.1176471	
	2007	9	2	1	4	0.25	
	2007	10	1	1	10	0.1	
	2007	10	2	0	6	0	
	2007	11	1	0	20	0	
	2007	11	2	0	14	0	
	2007	12	1	0	35	0	
	2007	12	2	0	11	0	
	2007	13	1	0	29	0	
	2007	13	2	2	12	0.1666667	
	2007	14	1	3	35	0.08571429	
	2007	14	2	3	16	0.1875	
	2007	15	1	3	49	0.06122449	
	2007	15	2	1	39	0.02564103	
	2007	16	1	7	51	0.1372549	
	2007	16	2	5	63	0.07936508	
	2007	17	1	5	37	0.1351351	
	2007	17	2	4	45	0.08888889	
	2007	18	1	4	14	0.2857143	
	2007	18	2	4	26	0.1538462	
	2007	19	1	0	5	0	
	2007	19	2	3	9	0.3333333	
	2007	20	1	1	1	1	
	2007	20	2	1	3	0.3333333	
	2008	5	1	0	3	0	
	2008	5	2	0	3	0	
	2008	6	1	0	1	0	
	2008	6	2	0	6	0	
	2008	7	1	0	2	0	
	2008	7	2	0	1	0	
	2008	8	1	0	5	0	
	2008	8	2	0	3	0	
	2008	9	1	1	18	0.05555556	
	2008	9	2	0	11	0	
	2008	10	1	0	15	0	
	2008	10	2	0	11	0	
	2008	11	1	2	21	0.0952381	
	2008	11	2	0	7	0	
	2008	12	1	2	29	0.06896552	
	2008	12	2	1	7	0.1428571	
	2008	13	1	3	42	0.07142857	
	2008	13	2	1	23	0.04347826	
	2008	14	1	1	46	0.02173913	
	2008	14	2	3	28	0.1071429	
	2008	15	1	0	32	0	
	2008	15	2	2	45	0.04444444	
	2008	16	1	5	56	0.08928571	
	2008	16	2	6	42	0.1428571	
	2008	17	1	2	49	0.04081633	
	2008	17	2	2	48	0.04166667	
	2008	18	1	1	17	0.05882353	
	2008	18	2	5	20	0.25	
	2008	19	1	1	6	0.1666667	
	2008	19	2	2	12	0.1666667	
	2008	20	2	0	2	0	
	2009	5	1	0	2	0	
	2009	5	2	0	2	0	
	2009	6	1	0	5	0	
	2009	6	2	0	4	0	
	2009	7	1	0	6	0	
	2009	7	2	0	3	0	
	2009	8	1	1	10	0.1	
	2009	8	2	0	5	0	
	2009	9	1	0	10	0	
	2009	9	2	1	8	0.125	
	2009	10	1	1	20	0.05	
	2009	10	2	0	6	0	
	2009	11	1	2	29	0.06896552	
	2009	11	2	3	14	0.2142857	
	2009	12	1	2	39	0.05128205	
	2009	12	2	0	8	0	
	2009	13	1	3	61	0.04918033	
	2009	13	2	3	23	0.1304348	
	2009	14	1	3	54	0.05555556	
	2009	14	2	2	31	0.06451613	
	2009	15	1	8	76	0.1052632	
	2009	15	2	1	35	0.02857143	
	2009	16	1	5	68	0.07352941	
	2009	16	2	9	66	0.1363636	
	2009	17	1	9	39	0.2307692	
	2009	17	2	11	54	0.2037037	
	2009	18	1	5	22	0.2272727	
	2009	18	2	11	52	0.2115385	
	2009	19	1	2	7	0.2857143	
	2009	19	2	0	6	0	
	2009	20	1	1	1	1	
	2009	20	2	0	4	0	
	2010	5	1	0	2	0	
	2010	5	2	0	2	0	
	2010	6	1	0	5	0	
	2010	6	2	0	1	0	
	2010	7	1	0	3	0	
	2010	7	2	0	7	0	
	2010	8	1	0	11	0	
	2010	8	2	0	11	0	
	2010	9	1	0	20	0	
	2010	9	2	0	10	0	
	2010	10	1	0	34	0	
	2010	10	2	0	24	0	
	2010	11	1	2	51	0.03921569	
	2010	11	2	0	15	0	
	2010	12	1	4	67	0.05970149	
	2010	12	2	1	18	0.05555556	
	2010	13	1	2	87	0.02298851	
	2010	13	2	1	39	0.02564103	
	2010	14	1	1	91	0.01098901	
	2010	14	2	4	69	0.05797101	
	2010	15	1	7	110	0.06363636	
	2010	15	2	5	62	0.08064516	
	2010	16	1	14	143	0.0979021	
	2010	16	2	7	131	0.05343511	
	2010	17	1	10	142	0.07042254	
	2010	17	2	15	138	0.1086957	
	2010	18	1	11	61	0.1803279	
	2010	18	2	12	123	0.09756098	
	2010	19	1	2	29	0.06896552	
	2010	19	2	6	44	0.1363636	
	2010	20	1	1	2	0.5	
	2010	20	2	3	8	0.375	
	2011	5	1	0	2	0	
	2011	6	1	0	7	0	
	2011	6	2	0	6	0	
	2011	7	1	0	9	0	
	2011	7	2	0	6	0	
	2011	8	1	0	16	0	
	2011	8	2	0	5	0	
	2011	9	1	0	22	0	
	2011	9	2	0	7	0	
	2011	10	1	1	53	0.01886792	
	2011	10	2	0	14	0	
	2011	11	1	3	54	0.05555556	
	2011	11	2	0	21	0	
	2011	12	1	1	81	0.01234568	
	2011	12	2	2	31	0.06451613	
	2011	13	1	0	95	0	
	2011	13	2	2	39	0.05128205	
	2011	14	1	3	100	0.03	
	2011	14	2	3	73	0.04109589	
	2011	15	1	10	129	0.07751938	
	2011	15	2	2	80	0.025	
	2011	16	1	9	149	0.06040268	
	2011	16	2	13	151	0.08609272	
	2011	17	1	12	172	0.06976744	
	2011	17	2	9	193	0.04663212	
	2011	18	1	16	110	0.1454545	
	2011	18	2	18	151	0.1192053	
	2011	19	1	5	39	0.1282051	
	2011	19	2	13	74	0.1756757	
	2011	20	1	2	8	0.25	
	2011	20	2	3	15	0.2	
	2012	5	1	0	2	0	
	2012	5	2	0	2	0	
	2012	6	1	0	1	0	
	2012	6	2	0	1	0	
	2012	7	1	0	9	0	
	2012	7	2	0	5	0	
	2012	8	1	0	11	0	
	2012	8	2	1	14	0.07142857	
	2012	9	1	1	11	0.09090909	
	2012	9	2	0	16	0	
	2012	10	1	0	44	0	
	2012	10	2	0	31	0	
	2012	11	1	3	57	0.05263158	
	2012	11	2	0	35	0	
	2012	12	1	1	92	0.01086957	
	2012	12	2	4	29	0.137931	
	2012	13	1	5	99	0.05050505	
	2012	13	2	2	58	0.03448276	
	2012	14	1	7	141	0.04964539	
	2012	14	2	7	83	0.08433735	
	2012	15	1	7	141	0.04964539	
	2012	15	2	4	95	0.04210526	
	2012	16	1	17	165	0.1030303	
	2012	16	2	13	167	0.07784431	
	2012	17	1	20	168	0.1190476	
	2012	17	2	14	209	0.06698565	
	2012	18	1	19	120	0.1583333	
	2012	18	2	16	180	0.08888889	
	2012	19	1	4	37	0.1081081	
	2012	19	2	10	73	0.1369863	
	2012	20	1	0	1	0	
	2012	20	2	6	24	0.25	
	2013	5	1	0	3	0	
	2013	5	2	0	1	0	
	2013	6	1	0	3	0	
	2013	6	2	0	7	0	
	2013	7	1	1	8	0.125	
	2013	7	2	1	6	0.1666667	
	2013	8	1	1	12	0.08333333	
	2013	8	2	1	8	0.125	
	2013	9	1	0	18	0	
	2013	9	2	0	22	0	
	2013	10	1	2	44	0.04545455	
	2013	10	2	2	22	0.09090909	
	2013	11	1	1	78	0.01282051	
	2013	11	2	0	31	0	
	2013	12	1	2	98	0.02040816	
	2013	12	2	2	27	0.07407407	
	2013	13	1	4	137	0.02919708	
	2013	13	2	4	44	0.09090909	
	2013	14	1	9	146	0.06164384	
	2013	14	2	4	69	0.05797101	
	2013	15	1	5	131	0.03816794	
	2013	15	2	4	101	0.03960396	
	2013	16	1	9	156	0.05769231	
	2013	16	2	14	176	0.07954545	
	2013	17	1	12	147	0.08163265	
	2013	17	2	23	204	0.1127451	
	2013	18	1	17	108	0.1574074	
	2013	18	2	14	171	0.08187135	
	2013	19	1	4	38	0.1052632	
	2013	19	2	14	65	0.2153846	
	2013	20	1	0	4	0	
	2013	20	2	4	17	0.2352941	

