
	D.4.1.M Grössere Resektionen von Lunge oder Bronchien insgesamt, Mortalität // Total des résections pulmonaires ou bronchiques majeures, mortalité // Resezioni maggiori di polmone o bronchi, totale, mortalità
	BAG/OFSP/UFSP - CH-IQI Version V4.0 - Daten 2013 - 27. Juli 2015

	Jahr	AltEGrp	Sex	DeathCH	CasesCH	pCH	
	1998	1	1	0	1	0	
	1998	1	2	0	2	0	
	1998	2	1	0	2	0	
	1998	2	2	0	2	0	
	1998	3	1	0	1	0	
	1998	3	2	0	2	0	
	1998	4	1	0	14	0	
	1998	4	2	0	1	0	
	1998	5	1	0	16	0	
	1998	5	2	0	5	0	
	1998	6	1	0	11	0	
	1998	6	2	0	2	0	
	1998	7	1	0	12	0	
	1998	7	2	0	10	0	
	1998	8	1	0	17	0	
	1998	8	2	0	13	0	
	1998	9	1	0	24	0	
	1998	9	2	1	19	0.05263158	
	1998	10	1	0	38	0	
	1998	10	2	0	21	0	
	1998	11	1	2	55	0.03636364	
	1998	11	2	1	35	0.02857143	
	1998	12	1	5	90	0.05555556	
	1998	12	2	1	28	0.03571429	
	1998	13	1	1	95	0.01052632	
	1998	13	2	0	27	0	
	1998	14	1	6	115	0.05217391	
	1998	14	2	3	52	0.05769231	
	1998	15	1	3	82	0.03658537	
	1998	15	2	0	31	0	
	1998	16	1	1	57	0.01754386	
	1998	16	2	0	15	0	
	1998	17	1	0	13	0	
	1998	17	2	0	2	0	
	1998	18	1	0	1	0	
	1998	18	2	0	1	0	
	1999	1	1	0	1	0	
	1999	1	2	1	3	0.3333333	
	1999	2	2	0	1	0	
	1999	3	1	0	3	0	
	1999	3	2	0	3	0	
	1999	4	1	0	15	0	
	1999	4	2	0	2	0	
	1999	5	1	0	17	0	
	1999	5	2	0	7	0	
	1999	6	1	0	7	0	
	1999	6	2	1	2	0.5	
	1999	7	1	1	18	0.05555556	
	1999	7	2	0	9	0	
	1999	8	1	1	12	0.08333333	
	1999	8	2	0	18	0	
	1999	9	1	0	18	0	
	1999	9	2	0	16	0	
	1999	10	1	0	42	0	
	1999	10	2	0	19	0	
	1999	11	1	1	55	0.01818182	
	1999	11	2	0	39	0	
	1999	12	1	2	78	0.02564103	
	1999	12	2	0	45	0	
	1999	13	1	4	115	0.03478261	
	1999	13	2	0	29	0	
	1999	14	1	5	130	0.03846154	
	1999	14	2	0	36	0	
	1999	15	1	7	110	0.06363636	
	1999	15	2	1	45	0.02222222	
	1999	16	1	3	63	0.04761905	
	1999	16	2	0	22	0	
	1999	17	1	1	14	0.07142857	
	1999	17	2	1	5	0.2	
	1999	18	2	0	1	0	
	2000	1	1	0	5	0	
	2000	2	1	0	2	0	
	2000	2	2	0	1	0	
	2000	3	1	0	2	0	
	2000	3	2	0	3	0	
	2000	4	1	0	15	0	
	2000	4	2	0	2	0	
	2000	5	1	0	23	0	
	2000	5	2	0	7	0	
	2000	6	1	0	17	0	
	2000	6	2	0	10	0	
	2000	7	1	0	13	0	
	2000	7	2	2	19	0.1052632	
	2000	8	1	0	17	0	
	2000	8	2	0	11	0	
	2000	9	1	1	30	0.03333333	
	2000	9	2	0	21	0	
	2000	10	1	0	37	0	
	2000	10	2	0	27	0	
	2000	11	1	2	84	0.02380952	
	2000	11	2	0	46	0	
	2000	12	1	6	110	0.05454545	
	2000	12	2	2	56	0.03571429	
	2000	13	1	3	119	0.02521008	
	2000	13	2	0	49	0	
	2000	14	1	3	126	0.02380952	
	2000	14	2	1	52	0.01923077	
	2000	15	1	7	120	0.05833333	
	2000	15	2	2	44	0.04545455	
	2000	16	1	3	72	0.04166667	
	2000	16	2	1	29	0.03448276	
	2000	17	1	1	22	0.04545455	
	2000	17	2	0	6	0	
	2000	18	1	1	2	0.5	
	2000	18	2	0	2	0	
	2001	1	1	1	5	0.2	
	2001	1	2	0	3	0	
	2001	2	1	0	1	0	
	2001	2	2	0	1	0	
	2001	3	1	0	2	0	
	2001	3	2	0	1	0	
	2001	4	1	0	16	0	
	2001	4	2	0	9	0	
	2001	5	1	2	14	0.1428571	
	2001	5	2	0	3	0	
	2001	6	1	0	16	0	
	2001	6	2	0	5	0	
	2001	7	1	0	15	0	
	2001	7	2	0	11	0	
	2001	8	1	0	20	0	
	2001	8	2	0	25	0	
	2001	9	1	0	17	0	
	2001	9	2	0	15	0	
	2001	10	1	0	56	0	
	2001	10	2	0	36	0	
	2001	11	1	0	89	0	
	2001	11	2	2	58	0.03448276	
	2001	12	1	1	105	0.00952381	
	2001	12	2	1	75	0.01333333	
	2001	13	1	10	124	0.08064516	
	2001	13	2	0	46	0	
	2001	14	1	4	126	0.03174603	
	2001	14	2	1	50	0.02	
	2001	15	1	11	112	0.09821429	
	2001	15	2	0	60	0	
	2001	16	1	5	81	0.0617284	
	2001	16	2	1	45	0.02222222	
	2001	17	1	0	12	0	
	2001	17	2	1	9	0.1111111	
	2001	18	1	0	2	0	
	2001	18	2	0	2	0	
	2002	1	2	0	2	0	
	2002	2	2	0	3	0	
	2002	3	1	0	5	0	
	2002	3	2	0	1	0	
	2002	4	1	0	12	0	
	2002	4	2	0	5	0	
	2002	5	1	0	31	0	
	2002	5	2	0	7	0	
	2002	6	1	0	28	0	
	2002	6	2	0	7	0	
	2002	7	1	0	23	0	
	2002	7	2	0	19	0	
	2002	8	1	0	29	0	
	2002	8	2	0	18	0	
	2002	9	1	1	42	0.02380952	
	2002	9	2	1	26	0.03846154	
	2002	10	1	5	63	0.07936508	
	2002	10	2	0	31	0	
	2002	11	1	1	86	0.01162791	
	2002	11	2	1	44	0.02272727	
	2002	12	1	1	117	0.008547009	
	2002	12	2	0	74	0	
	2002	13	1	4	156	0.02564103	
	2002	13	2	1	59	0.01694915	
	2002	14	1	6	142	0.04225352	
	2002	14	2	3	60	0.05	
	2002	15	1	9	134	0.06716418	
	2002	15	2	4	58	0.06896552	
	2002	16	1	8	86	0.09302326	
	2002	16	2	3	31	0.09677419	
	2002	17	1	2	30	0.06666667	
	2002	17	2	1	4	0.25	
	2002	18	1	1	4	0.25	
	2002	18	2	1	5	0.2	
	2002	19	2	0	1	0	
	2003	1	1	0	2	0	
	2003	1	2	0	6	0	
	2003	2	1	0	1	0	
	2003	2	2	0	1	0	
	2003	3	1	0	6	0	
	2003	3	2	0	2	0	
	2003	4	1	0	24	0	
	2003	4	2	0	1	0	
	2003	5	1	0	28	0	
	2003	5	2	0	10	0	
	2003	6	1	0	20	0	
	2003	6	2	0	9	0	
	2003	7	1	0	27	0	
	2003	7	2	0	15	0	
	2003	8	1	1	32	0.03125	
	2003	8	2	0	19	0	
	2003	9	1	0	38	0	
	2003	9	2	0	28	0	
	2003	10	1	1	45	0.02222222	
	2003	10	2	2	39	0.05128205	
	2003	11	1	2	66	0.03030303	
	2003	11	2	1	45	0.02222222	
	2003	12	1	0	118	0	
	2003	12	2	1	67	0.01492537	
	2003	13	1	4	142	0.02816901	
	2003	13	2	1	68	0.01470588	
	2003	14	1	10	159	0.06289308	
	2003	14	2	1	55	0.01818182	
	2003	15	1	10	138	0.07246377	
	2003	15	2	2	56	0.03571429	
	2003	16	1	6	81	0.07407407	
	2003	16	2	4	41	0.09756098	
	2003	17	1	2	27	0.07407407	
	2003	17	2	2	14	0.1428571	
	2003	18	1	0	3	0	
	2003	18	2	1	2	0.5	
	2004	1	1	0	5	0	
	2004	1	2	0	3	0	
	2004	2	1	0	1	0	
	2004	2	2	0	4	0	
	2004	3	1	0	2	0	
	2004	3	2	0	3	0	
	2004	4	1	0	36	0	
	2004	4	2	0	6	0	
	2004	5	1	0	41	0	
	2004	5	2	0	6	0	
	2004	6	1	1	22	0.04545455	
	2004	6	2	1	8	0.125	
	2004	7	1	2	24	0.08333333	
	2004	7	2	0	15	0	
	2004	8	1	2	19	0.1052632	
	2004	8	2	0	17	0	
	2004	9	1	0	32	0	
	2004	9	2	0	18	0	
	2004	10	1	1	43	0.02325581	
	2004	10	2	0	44	0	
	2004	11	1	0	84	0	
	2004	11	2	0	50	0	
	2004	12	1	2	132	0.01515152	
	2004	12	2	0	53	0	
	2004	13	1	1	163	0.006134969	
	2004	13	2	2	80	0.025	
	2004	14	1	4	159	0.02515723	
	2004	14	2	1	67	0.01492537	
	2004	15	1	4	152	0.02631579	
	2004	15	2	2	48	0.04166667	
	2004	16	1	3	78	0.03846154	
	2004	16	2	2	40	0.05	
	2004	17	1	0	23	0	
	2004	17	2	1	22	0.04545455	
	2004	18	1	1	10	0.1	
	2004	18	2	0	2	0	
	2005	1	1	0	4	0	
	2005	1	2	0	3	0	
	2005	2	1	0	1	0	
	2005	2	2	0	4	0	
	2005	3	1	0	2	0	
	2005	3	2	0	1	0	
	2005	4	1	0	19	0	
	2005	4	2	0	7	0	
	2005	5	1	1	18	0.05555556	
	2005	5	2	0	12	0	
	2005	6	1	0	28	0	
	2005	6	2	1	12	0.08333333	
	2005	7	1	0	23	0	
	2005	7	2	0	14	0	
	2005	8	1	0	24	0	
	2005	8	2	0	25	0	
	2005	9	1	0	36	0	
	2005	9	2	0	36	0	
	2005	10	1	1	50	0.02	
	2005	10	2	0	37	0	
	2005	11	1	2	80	0.025	
	2005	11	2	0	40	0	
	2005	12	1	2	106	0.01886792	
	2005	12	2	0	89	0	
	2005	13	1	6	165	0.03636364	
	2005	13	2	4	78	0.05128205	
	2005	14	1	11	176	0.0625	
	2005	14	2	1	88	0.01136364	
	2005	15	1	7	150	0.04666667	
	2005	15	2	0	56	0	
	2005	16	1	6	95	0.06315789	
	2005	16	2	1	41	0.02439024	
	2005	17	1	3	33	0.09090909	
	2005	17	2	0	15	0	
	2005	18	1	0	5	0	
	2005	18	2	0	1	0	
	2005	19	1	0	1	0	
	2005	19	2	0	1	0	
	2006	1	1	0	5	0	
	2006	1	2	0	2	0	
	2006	2	1	0	1	0	
	2006	2	2	0	2	0	
	2006	3	1	0	1	0	
	2006	3	2	1	3	0.3333333	
	2006	4	1	0	27	0	
	2006	4	2	0	7	0	
	2006	5	1	0	32	0	
	2006	5	2	0	13	0	
	2006	6	1	0	29	0	
	2006	6	2	0	11	0	
	2006	7	1	0	28	0	
	2006	7	2	2	13	0.1538462	
	2006	8	1	1	35	0.02857143	
	2006	8	2	0	21	0	
	2006	9	1	2	33	0.06060606	
	2006	9	2	1	29	0.03448276	
	2006	10	1	1	51	0.01960784	
	2006	10	2	0	53	0	
	2006	11	1	1	77	0.01298701	
	2006	11	2	1	52	0.01923077	
	2006	12	1	5	133	0.03759398	
	2006	12	2	1	88	0.01136364	
	2006	13	1	9	191	0.04712042	
	2006	13	2	2	93	0.02150538	
	2006	14	1	5	166	0.03012048	
	2006	14	2	1	76	0.01315789	
	2006	15	1	7	144	0.04861111	
	2006	15	2	2	78	0.02564103	
	2006	16	1	4	81	0.04938272	
	2006	16	2	6	56	0.1071429	
	2006	17	1	3	30	0.1	
	2006	17	2	0	14	0	
	2006	18	1	1	3	0.3333333	
	2006	18	2	0	1	0	
	2007	1	1	0	4	0	
	2007	1	2	0	4	0	
	2007	2	1	0	4	0	
	2007	2	2	0	2	0	
	2007	3	1	0	1	0	
	2007	3	2	0	3	0	
	2007	4	1	0	36	0	
	2007	4	2	0	12	0	
	2007	5	1	0	40	0	
	2007	5	2	0	13	0	
	2007	6	1	0	33	0	
	2007	6	2	0	10	0	
	2007	7	1	1	21	0.04761905	
	2007	7	2	1	21	0.04761905	
	2007	8	1	0	27	0	
	2007	8	2	0	15	0	
	2007	9	1	0	33	0	
	2007	9	2	0	37	0	
	2007	10	1	2	54	0.03703704	
	2007	10	2	0	36	0	
	2007	11	1	4	100	0.04	
	2007	11	2	1	64	0.015625	
	2007	12	1	6	143	0.04195804	
	2007	12	2	0	88	0	
	2007	13	1	8	223	0.03587444	
	2007	13	2	0	137	0	
	2007	14	1	5	181	0.02762431	
	2007	14	2	0	108	0	
	2007	15	1	10	149	0.06711409	
	2007	15	2	6	78	0.07692308	
	2007	16	1	7	122	0.05737705	
	2007	16	2	1	43	0.02325581	
	2007	17	1	4	47	0.08510638	
	2007	17	2	0	18	0	
	2007	18	1	0	10	0	
	2007	18	2	0	2	0	
	2007	19	1	0	2	0	
	2008	1	1	0	4	0	
	2008	1	2	1	5	0.2	
	2008	2	1	1	3	0.3333333	
	2008	2	2	0	1	0	
	2008	3	1	0	2	0	
	2008	3	2	0	1	0	
	2008	4	1	0	34	0	
	2008	4	2	0	12	0	
	2008	5	1	0	61	0	
	2008	5	2	0	14	0	
	2008	6	1	1	55	0.01818182	
	2008	6	2	0	15	0	
	2008	7	1	1	44	0.02272727	
	2008	7	2	0	22	0	
	2008	8	1	0	38	0	
	2008	8	2	0	18	0	
	2008	9	1	0	37	0	
	2008	9	2	0	49	0	
	2008	10	1	2	53	0.03773585	
	2008	10	2	2	56	0.03571429	
	2008	11	1	1	100	0.01	
	2008	11	2	0	78	0	
	2008	12	1	3	169	0.01775148	
	2008	12	2	2	110	0.01818182	
	2008	13	1	6	231	0.02597403	
	2008	13	2	3	139	0.02158273	
	2008	14	1	6	221	0.02714932	
	2008	14	2	5	126	0.03968254	
	2008	15	1	9	175	0.05142857	
	2008	15	2	4	82	0.04878049	
	2008	16	1	10	152	0.06578947	
	2008	16	2	2	62	0.03225806	
	2008	17	1	1	58	0.01724138	
	2008	17	2	2	36	0.05555556	
	2008	18	1	1	7	0.1428571	
	2008	18	2	0	2	0	
	2008	19	1	0	1	0	
	2008	19	2	0	1	0	
	2009	1	1	0	5	0	
	2009	1	2	0	5	0	
	2009	2	1	0	1	0	
	2009	2	2	0	3	0	
	2009	3	1	0	1	0	
	2009	3	2	0	6	0	
	2009	4	1	0	61	0	
	2009	4	2	0	15	0	
	2009	5	1	0	49	0	
	2009	5	2	0	21	0	
	2009	6	1	1	53	0.01886792	
	2009	6	2	0	15	0	
	2009	7	1	1	36	0.02777778	
	2009	7	2	0	17	0	
	2009	8	1	0	33	0	
	2009	8	2	0	21	0	
	2009	9	1	0	51	0	
	2009	9	2	0	43	0	
	2009	10	1	2	68	0.02941176	
	2009	10	2	0	65	0	
	2009	11	1	1	103	0.009708738	
	2009	11	2	1	83	0.01204819	
	2009	12	1	5	154	0.03246753	
	2009	12	2	0	116	0	
	2009	13	1	7	208	0.03365385	
	2009	13	2	0	125	0	
	2009	14	1	10	220	0.04545455	
	2009	14	2	3	136	0.02205882	
	2009	15	1	5	151	0.03311258	
	2009	15	2	5	99	0.05050505	
	2009	16	1	11	136	0.08088235	
	2009	16	2	3	69	0.04347826	
	2009	17	1	4	46	0.08695652	
	2009	17	2	1	24	0.04166667	
	2009	18	1	2	10	0.2	
	2009	18	2	0	2	0	
	2009	19	1	1	1	1	
	2009	20	1	0	1	0	
	2010	1	1	0	8	0	
	2010	1	2	0	8	0	
	2010	2	1	0	1	0	
	2010	2	2	0	2	0	
	2010	3	1	0	2	0	
	2010	3	2	0	2	0	
	2010	4	1	2	64	0.03125	
	2010	4	2	0	16	0	
	2010	5	1	0	57	0	
	2010	5	2	0	19	0	
	2010	6	1	1	56	0.01785714	
	2010	6	2	0	25	0	
	2010	7	1	0	42	0	
	2010	7	2	1	20	0.05	
	2010	8	1	1	33	0.03030303	
	2010	8	2	0	22	0	
	2010	9	1	1	46	0.02173913	
	2010	9	2	0	44	0	
	2010	10	1	1	68	0.01470588	
	2010	10	2	1	81	0.01234568	
	2010	11	1	2	115	0.0173913	
	2010	11	2	0	106	0	
	2010	12	1	3	174	0.01724138	
	2010	12	2	2	100	0.02	
	2010	13	1	5	241	0.02074689	
	2010	13	2	2	159	0.01257862	
	2010	14	1	4	241	0.01659751	
	2010	14	2	0	140	0	
	2010	15	1	11	199	0.05527638	
	2010	15	2	3	107	0.02803738	
	2010	16	1	10	154	0.06493506	
	2010	16	2	3	71	0.04225352	
	2010	17	1	10	62	0.1612903	
	2010	17	2	1	24	0.04166667	
	2010	18	1	0	4	0	
	2010	18	2	0	3	0	
	2011	1	1	0	13	0	
	2011	1	2	2	5	0.4	
	2011	2	1	0	2	0	
	2011	2	2	0	1	0	
	2011	3	1	0	5	0	
	2011	3	2	0	3	0	
	2011	4	1	1	58	0.01724138	
	2011	4	2	0	18	0	
	2011	5	1	0	65	0	
	2011	5	2	0	16	0	
	2011	6	1	1	56	0.01785714	
	2011	6	2	0	21	0	
	2011	7	1	0	37	0	
	2011	7	2	0	19	0	
	2011	8	1	0	30	0	
	2011	8	2	0	17	0	
	2011	9	1	0	46	0	
	2011	9	2	1	32	0.03125	
	2011	10	1	0	77	0	
	2011	10	2	1	66	0.01515152	
	2011	11	1	1	116	0.00862069	
	2011	11	2	3	104	0.02884615	
	2011	12	1	7	180	0.03888889	
	2011	12	2	3	117	0.02564103	
	2011	13	1	11	240	0.04583333	
	2011	13	2	2	167	0.01197605	
	2011	14	1	6	268	0.02238806	
	2011	14	2	5	159	0.03144654	
	2011	15	1	11	223	0.04932735	
	2011	15	2	1	131	0.007633588	
	2011	16	1	8	169	0.04733728	
	2011	16	2	1	77	0.01298701	
	2011	17	1	3	43	0.06976744	
	2011	17	2	0	32	0	
	2011	18	1	0	12	0	
	2011	18	2	1	7	0.1428571	
	2011	19	2	0	2	0	
	2012	1	1	0	13	0	
	2012	1	2	0	10	0	
	2012	2	1	1	2	0.5	
	2012	2	2	0	3	0	
	2012	3	1	0	3	0	
	2012	3	2	0	4	0	
	2012	4	1	0	66	0	
	2012	4	2	0	25	0	
	2012	5	1	0	72	0	
	2012	5	2	0	20	0	
	2012	6	1	0	63	0	
	2012	6	2	1	19	0.05263158	
	2012	7	1	1	52	0.01923077	
	2012	7	2	0	27	0	
	2012	8	1	0	36	0	
	2012	8	2	0	41	0	
	2012	9	1	0	43	0	
	2012	9	2	0	39	0	
	2012	10	1	0	89	0	
	2012	10	2	0	58	0	
	2012	11	1	2	125	0.016	
	2012	11	2	0	89	0	
	2012	12	1	2	161	0.01242236	
	2012	12	2	2	122	0.01639344	
	2012	13	1	5	230	0.02173913	
	2012	13	2	3	146	0.02054795	
	2012	14	1	15	334	0.04491018	
	2012	14	2	2	166	0.01204819	
	2012	15	1	4	236	0.01694915	
	2012	15	2	2	157	0.01273885	
	2012	16	1	5	154	0.03246753	
	2012	16	2	4	102	0.03921569	
	2012	17	1	5	70	0.07142857	
	2012	17	2	1	46	0.02173913	
	2012	18	1	0	16	0	
	2012	18	2	0	8	0	
	2013	1	1	0	6	0	
	2013	1	2	0	5	0	
	2013	2	1	0	1	0	
	2013	2	2	0	1	0	
	2013	3	1	0	11	0	
	2013	3	2	0	4	0	
	2013	4	1	0	55	0	
	2013	4	2	1	12	0.08333333	
	2013	5	1	0	59	0	
	2013	5	2	1	20	0.05	
	2013	6	1	0	51	0	
	2013	6	2	0	21	0	
	2013	7	1	1	46	0.02173913	
	2013	7	2	0	31	0	
	2013	8	1	1	30	0.03333333	
	2013	8	2	1	28	0.03571429	
	2013	9	1	1	52	0.01923077	
	2013	9	2	0	41	0	
	2013	10	1	0	73	0	
	2013	10	2	1	62	0.01612903	
	2013	11	1	1	115	0.008695652	
	2013	11	2	2	95	0.02105263	
	2013	12	1	8	178	0.04494382	
	2013	12	2	7	147	0.04761905	
	2013	13	1	6	250	0.024	
	2013	13	2	0	174	0	
	2013	14	1	10	327	0.03058104	
	2013	14	2	3	199	0.01507538	
	2013	15	1	7	272	0.02573529	
	2013	15	2	5	161	0.0310559	
	2013	16	1	8	166	0.04819277	
	2013	16	2	1	100	0.01	
	2013	17	1	4	77	0.05194805	
	2013	17	2	2	42	0.04761905	
	2013	18	1	2	10	0.2	
	2013	18	2	3	11	0.2727273	
	2013	19	1	1	1	1	
	2013	19	2	0	1	0	

