
	D.1.1.M HD Pneumonie, Mortalität // DP de pneumonie, mortalité // DP polmonite, mortalità
	BAG/OFSP/UFSP - CH-IQI Version V4.0 - Daten 2013 - 27. Juli 2015

	Jahr	AltEGrp	Sex	DeathCH	CasesCH	pCH	
	1998	1	1	1	487	0.002053388	
	1998	1	2	0	372	0	
	1998	2	1	0	160	0	
	1998	2	2	0	144	0	
	1998	3	1	0	62	0	
	1998	3	2	0	49	0	
	1998	4	1	1	39	0.02564103	
	1998	4	2	0	32	0	
	1998	5	1	0	54	0	
	1998	5	2	0	37	0	
	1998	6	1	1	63	0.01587302	
	1998	6	2	0	59	0	
	1998	7	1	0	115	0	
	1998	7	2	1	90	0.01111111	
	1998	8	1	2	117	0.01709402	
	1998	8	2	0	94	0	
	1998	9	1	2	129	0.01550388	
	1998	9	2	1	74	0.01351351	
	1998	10	1	3	137	0.02189781	
	1998	10	2	5	101	0.04950495	
	1998	11	1	11	186	0.05913978	
	1998	11	2	1	111	0.009009009	
	1998	12	1	10	214	0.04672897	
	1998	12	2	1	127	0.007874016	
	1998	13	1	14	275	0.05090909	
	1998	13	2	4	173	0.02312139	
	1998	14	1	16	362	0.0441989	
	1998	14	2	5	206	0.02427184	
	1998	15	1	37	498	0.07429719	
	1998	15	2	13	317	0.04100946	
	1998	16	1	56	618	0.09061489	
	1998	16	2	29	394	0.07360406	
	1998	17	1	49	544	0.09007353	
	1998	17	2	44	501	0.08782435	
	1998	18	1	68	459	0.1481481	
	1998	18	2	51	459	0.1111111	
	1998	19	1	26	161	0.1614907	
	1998	19	2	29	207	0.1400966	
	1998	20	1	3	19	0.1578947	
	1998	20	2	8	59	0.1355932	
	1999	1	1	1	467	0.002141328	
	1999	1	2	1	381	0.002624672	
	1999	2	1	0	193	0	
	1999	2	2	0	138	0	
	1999	3	1	0	82	0	
	1999	3	2	0	61	0	
	1999	4	1	0	75	0	
	1999	4	2	0	62	0	
	1999	5	1	0	89	0	
	1999	5	2	1	68	0.01470588	
	1999	6	1	0	94	0	
	1999	6	2	1	89	0.01123596	
	1999	7	1	0	138	0	
	1999	7	2	1	139	0.007194245	
	1999	8	1	3	185	0.01621622	
	1999	8	2	1	170	0.005882353	
	1999	9	1	3	167	0.01796407	
	1999	9	2	3	147	0.02040816	
	1999	10	1	4	196	0.02040816	
	1999	10	2	3	115	0.02608696	
	1999	11	1	7	239	0.0292887	
	1999	11	2	1	168	0.005952381	
	1999	12	1	15	284	0.0528169	
	1999	12	2	4	180	0.02222222	
	1999	13	1	17	369	0.04607046	
	1999	13	2	8	202	0.03960396	
	1999	14	1	21	519	0.04046243	
	1999	14	2	11	314	0.03503185	
	1999	15	1	45	644	0.06987578	
	1999	15	2	14	375	0.03733333	
	1999	16	1	90	838	0.1073986	
	1999	16	2	33	544	0.06066176	
	1999	17	1	95	767	0.1238592	
	1999	17	2	47	602	0.07807309	
	1999	18	1	96	588	0.1632653	
	1999	18	2	84	624	0.1346154	
	1999	19	1	41	253	0.1620553	
	1999	19	2	32	298	0.1073826	
	1999	20	1	14	46	0.3043478	
	1999	20	2	11	65	0.1692308	
	2000	1	1	0	510	0	
	2000	1	2	0	430	0	
	2000	2	1	0	159	0	
	2000	2	2	0	131	0	
	2000	3	1	0	71	0	
	2000	3	2	0	53	0	
	2000	4	1	0	62	0	
	2000	4	2	0	28	0	
	2000	5	1	0	65	0	
	2000	5	2	0	51	0	
	2000	6	1	0	93	0	
	2000	6	2	0	71	0	
	2000	7	1	3	115	0.02608696	
	2000	7	2	1	128	0.0078125	
	2000	8	1	5	198	0.02525253	
	2000	8	2	1	145	0.006896552	
	2000	9	1	3	191	0.01570681	
	2000	9	2	4	116	0.03448276	
	2000	10	1	5	184	0.02717391	
	2000	10	2	2	135	0.01481481	
	2000	11	1	8	241	0.03319502	
	2000	11	2	5	160	0.03125	
	2000	12	1	16	297	0.05387205	
	2000	12	2	4	192	0.02083333	
	2000	13	1	20	387	0.05167959	
	2000	13	2	11	252	0.04365079	
	2000	14	1	30	565	0.05309735	
	2000	14	2	16	347	0.04610951	
	2000	15	1	53	755	0.07019868	
	2000	15	2	19	412	0.0461165	
	2000	16	1	91	942	0.09660297	
	2000	16	2	47	632	0.07436709	
	2000	17	1	113	849	0.1330978	
	2000	17	2	57	655	0.0870229	
	2000	18	1	89	668	0.1332335	
	2000	18	2	64	685	0.09343066	
	2000	19	1	40	226	0.1769912	
	2000	19	2	47	337	0.1394659	
	2000	20	1	6	36	0.1666667	
	2000	20	2	15	74	0.2027027	
	2001	1	1	0	526	0	
	2001	1	2	1	412	0.002427184	
	2001	2	1	0	215	0	
	2001	2	2	0	192	0	
	2001	3	1	1	73	0.01369863	
	2001	3	2	0	68	0	
	2001	4	1	0	56	0	
	2001	4	2	0	51	0	
	2001	5	1	0	82	0	
	2001	5	2	0	64	0	
	2001	6	1	0	83	0	
	2001	6	2	3	73	0.04109589	
	2001	7	1	3	126	0.02380952	
	2001	7	2	2	133	0.01503759	
	2001	8	1	5	208	0.02403846	
	2001	8	2	3	148	0.02027027	
	2001	9	1	2	204	0.009803922	
	2001	9	2	2	123	0.01626016	
	2001	10	1	3	210	0.01428571	
	2001	10	2	2	121	0.01652893	
	2001	11	1	8	286	0.02797203	
	2001	11	2	0	146	0	
	2001	12	1	19	287	0.06620209	
	2001	12	2	7	231	0.03030303	
	2001	13	1	16	379	0.04221636	
	2001	13	2	9	250	0.036	
	2001	14	1	43	511	0.08414873	
	2001	14	2	14	319	0.04388715	
	2001	15	1	53	715	0.07412587	
	2001	15	2	23	433	0.05311778	
	2001	16	1	88	925	0.09513514	
	2001	16	2	41	568	0.0721831	
	2001	17	1	106	801	0.1323346	
	2001	17	2	56	609	0.09195402	
	2001	18	1	101	623	0.1621188	
	2001	18	2	69	610	0.1131148	
	2001	19	1	64	281	0.227758	
	2001	19	2	43	319	0.1347962	
	2001	20	1	7	42	0.1666667	
	2001	20	2	15	66	0.2272727	
	2002	1	1	1	609	0.001642036	
	2002	1	2	0	438	0	
	2002	2	1	0	208	0	
	2002	2	2	0	173	0	
	2002	3	1	0	66	0	
	2002	3	2	2	77	0.02597403	
	2002	4	1	1	58	0.01724138	
	2002	4	2	2	49	0.04081633	
	2002	5	1	1	80	0.0125	
	2002	5	2	1	57	0.01754386	
	2002	6	1	1	98	0.01020408	
	2002	6	2	1	81	0.01234568	
	2002	7	1	1	130	0.007692308	
	2002	7	2	1	128	0.0078125	
	2002	8	1	1	190	0.005263158	
	2002	8	2	5	165	0.03030303	
	2002	9	1	5	207	0.02415459	
	2002	9	2	3	132	0.02272727	
	2002	10	1	10	243	0.04115226	
	2002	10	2	1	138	0.007246377	
	2002	11	1	11	249	0.04417671	
	2002	11	2	10	194	0.05154639	
	2002	12	1	15	373	0.04021448	
	2002	12	2	9	274	0.03284672	
	2002	13	1	31	457	0.0678337	
	2002	13	2	10	299	0.03344482	
	2002	14	1	41	609	0.06732348	
	2002	14	2	13	378	0.03439153	
	2002	15	1	75	870	0.0862069	
	2002	15	2	20	493	0.04056795	
	2002	16	1	101	993	0.101712	
	2002	16	2	50	651	0.07680492	
	2002	17	1	117	954	0.1226415	
	2002	17	2	68	715	0.0951049	
	2002	18	1	116	701	0.1654779	
	2002	18	2	90	672	0.1339286	
	2002	19	1	54	309	0.1747573	
	2002	19	2	46	400	0.115	
	2002	20	1	22	68	0.3235294	
	2002	20	2	15	102	0.1470588	
	2003	1	1	0	546	0	
	2003	1	2	0	447	0	
	2003	2	1	1	189	0.005291005	
	2003	2	2	0	172	0	
	2003	3	1	1	88	0.01136364	
	2003	3	2	1	87	0.01149425	
	2003	4	1	0	93	0	
	2003	4	2	0	54	0	
	2003	5	1	0	96	0	
	2003	5	2	0	60	0	
	2003	6	1	2	93	0.02150538	
	2003	6	2	2	76	0.02631579	
	2003	7	1	2	144	0.01388889	
	2003	7	2	1	123	0.008130081	
	2003	8	1	0	197	0	
	2003	8	2	2	162	0.01234568	
	2003	9	1	1	204	0.004901961	
	2003	9	2	1	170	0.005882353	
	2003	10	1	10	230	0.04347826	
	2003	10	2	4	150	0.02666667	
	2003	11	1	10	303	0.0330033	
	2003	11	2	9	196	0.04591837	
	2003	12	1	17	431	0.03944316	
	2003	12	2	4	252	0.01587302	
	2003	13	1	34	490	0.06938776	
	2003	13	2	3	292	0.01027397	
	2003	14	1	47	623	0.07544141	
	2003	14	2	14	370	0.03783784	
	2003	15	1	66	825	0.08	
	2003	15	2	32	522	0.06130268	
	2003	16	1	127	1057	0.1201514	
	2003	16	2	58	656	0.08841463	
	2003	17	1	132	972	0.1358025	
	2003	17	2	77	835	0.09221557	
	2003	18	1	118	745	0.1583893	
	2003	18	2	92	674	0.1364985	
	2003	19	1	62	377	0.1644562	
	2003	19	2	57	387	0.1472868	
	2003	20	1	9	55	0.1636364	
	2003	20	2	21	100	0.21	
	2004	1	1	2	594	0.003367003	
	2004	1	2	1	484	0.002066116	
	2004	2	1	0	167	0	
	2004	2	2	0	160	0	
	2004	3	1	0	87	0	
	2004	3	2	2	64	0.03125	
	2004	4	1	1	59	0.01694915	
	2004	4	2	0	49	0	
	2004	5	1	0	72	0	
	2004	5	2	1	50	0.02	
	2004	6	1	1	75	0.01333333	
	2004	6	2	2	65	0.03076923	
	2004	7	1	2	162	0.01234568	
	2004	7	2	1	115	0.008695652	
	2004	8	1	1	222	0.004504505	
	2004	8	2	1	162	0.00617284	
	2004	9	1	3	217	0.01382488	
	2004	9	2	2	166	0.01204819	
	2004	10	1	4	258	0.01550388	
	2004	10	2	6	152	0.03947368	
	2004	11	1	9	264	0.03409091	
	2004	11	2	2	179	0.01117318	
	2004	12	1	19	398	0.04773869	
	2004	12	2	9	264	0.03409091	
	2004	13	1	24	492	0.04878049	
	2004	13	2	9	336	0.02678571	
	2004	14	1	51	646	0.07894737	
	2004	14	2	26	408	0.06372549	
	2004	15	1	78	879	0.0887372	
	2004	15	2	24	500	0.048	
	2004	16	1	104	1055	0.0985782	
	2004	16	2	56	705	0.07943262	
	2004	17	1	109	1066	0.1022514	
	2004	17	2	82	868	0.09447005	
	2004	18	1	102	720	0.1416667	
	2004	18	2	77	687	0.1120815	
	2004	19	1	50	335	0.1492537	
	2004	19	2	57	407	0.1400491	
	2004	20	1	14	67	0.2089552	
	2004	20	2	25	112	0.2232143	
	2005	1	1	1	653	0.001531394	
	2005	1	2	0	516	0	
	2005	2	1	1	271	0.003690037	
	2005	2	2	1	211	0.004739336	
	2005	3	1	0	104	0	
	2005	3	2	1	115	0.008695652	
	2005	4	1	1	94	0.0106383	
	2005	4	2	0	76	0	
	2005	5	1	2	101	0.01980198	
	2005	5	2	1	64	0.015625	
	2005	6	1	1	110	0.009090909	
	2005	6	2	0	104	0	
	2005	7	1	1	147	0.006802721	
	2005	7	2	3	135	0.02222222	
	2005	8	1	1	210	0.004761905	
	2005	8	2	3	211	0.01421801	
	2005	9	1	5	262	0.01908397	
	2005	9	2	5	242	0.02066116	
	2005	10	1	3	244	0.01229508	
	2005	10	2	3	207	0.01449275	
	2005	11	1	10	334	0.02994012	
	2005	11	2	2	212	0.009433962	
	2005	12	1	16	420	0.03809524	
	2005	12	2	13	260	0.05	
	2005	13	1	34	495	0.06868687	
	2005	13	2	5	382	0.01308901	
	2005	14	1	44	679	0.06480118	
	2005	14	2	8	439	0.01822323	
	2005	15	1	65	933	0.06966774	
	2005	15	2	30	574	0.05226481	
	2005	16	1	101	1140	0.08859649	
	2005	16	2	39	770	0.05064935	
	2005	17	1	122	1176	0.1037415	
	2005	17	2	69	925	0.07459459	
	2005	18	1	103	813	0.1266913	
	2005	18	2	77	752	0.1023936	
	2005	19	1	62	381	0.1627297	
	2005	19	2	65	448	0.1450893	
	2005	20	1	14	86	0.1627907	
	2005	20	2	21	110	0.1909091	
	2006	1	1	0	651	0	
	2006	1	2	0	540	0	
	2006	2	1	0	245	0	
	2006	2	2	0	190	0	
	2006	3	1	0	94	0	
	2006	3	2	1	90	0.01111111	
	2006	4	1	0	93	0	
	2006	4	2	2	76	0.02631579	
	2006	5	1	0	109	0	
	2006	5	2	1	62	0.01612903	
	2006	6	1	0	96	0	
	2006	6	2	0	99	0	
	2006	7	1	0	108	0	
	2006	7	2	1	126	0.007936508	
	2006	8	1	2	170	0.01176471	
	2006	8	2	1	164	0.006097561	
	2006	9	1	1	258	0.003875969	
	2006	9	2	2	171	0.01169591	
	2006	10	1	4	242	0.01652893	
	2006	10	2	2	185	0.01081081	
	2006	11	1	10	278	0.03597122	
	2006	11	2	6	214	0.02803738	
	2006	12	1	17	378	0.04497354	
	2006	12	2	11	276	0.03985507	
	2006	13	1	36	570	0.06315789	
	2006	13	2	12	332	0.03614458	
	2006	14	1	37	626	0.05910543	
	2006	14	2	13	435	0.02988506	
	2006	15	1	54	863	0.06257242	
	2006	15	2	26	499	0.05210421	
	2006	16	1	83	1033	0.0803485	
	2006	16	2	40	704	0.05681818	
	2006	17	1	125	1169	0.106929	
	2006	17	2	73	824	0.08859223	
	2006	18	1	104	791	0.1314791	
	2006	18	2	57	673	0.08469539	
	2006	19	1	49	380	0.1289474	
	2006	19	2	42	422	0.09952607	
	2006	20	1	13	77	0.1688312	
	2006	20	2	14	113	0.1238938	
	2007	1	1	0	625	0	
	2007	1	2	0	506	0	
	2007	2	1	0	244	0	
	2007	2	2	0	208	0	
	2007	3	1	0	90	0	
	2007	3	2	1	91	0.01098901	
	2007	4	1	2	91	0.02197802	
	2007	4	2	0	79	0	
	2007	5	1	1	84	0.01190476	
	2007	5	2	0	83	0	
	2007	6	1	2	111	0.01801802	
	2007	6	2	0	65	0	
	2007	7	1	0	123	0	
	2007	7	2	0	126	0	
	2007	8	1	1	183	0.005464481	
	2007	8	2	0	165	0	
	2007	9	1	6	227	0.02643172	
	2007	9	2	2	218	0.009174312	
	2007	10	1	6	275	0.02181818	
	2007	10	2	2	170	0.01176471	
	2007	11	1	10	349	0.0286533	
	2007	11	2	6	211	0.02843602	
	2007	12	1	18	425	0.04235294	
	2007	12	2	8	273	0.02930403	
	2007	13	1	45	608	0.07401316	
	2007	13	2	17	434	0.03917051	
	2007	14	1	49	682	0.07184751	
	2007	14	2	19	480	0.03958333	
	2007	15	1	66	931	0.07089151	
	2007	15	2	29	553	0.05244123	
	2007	16	1	96	1091	0.08799267	
	2007	16	2	34	768	0.04427083	
	2007	17	1	121	1168	0.1035959	
	2007	17	2	85	928	0.09159483	
	2007	18	1	93	890	0.1044944	
	2007	18	2	75	809	0.09270705	
	2007	19	1	46	389	0.1182519	
	2007	19	2	46	457	0.1006565	
	2007	20	1	12	72	0.1666667	
	2007	20	2	16	124	0.1290323	
	2008	1	1	0	644	0	
	2008	1	2	0	500	0	
	2008	2	1	1	221	0.004524887	
	2008	2	2	0	180	0	
	2008	3	1	0	68	0	
	2008	3	2	1	51	0.01960784	
	2008	4	1	2	60	0.03333333	
	2008	4	2	0	72	0	
	2008	5	1	0	72	0	
	2008	5	2	1	56	0.01785714	
	2008	6	1	1	80	0.0125	
	2008	6	2	1	80	0.0125	
	2008	7	1	0	113	0	
	2008	7	2	4	110	0.03636364	
	2008	8	1	1	199	0.005025126	
	2008	8	2	1	177	0.005649718	
	2008	9	1	1	250	0.004	
	2008	9	2	4	197	0.02030457	
	2008	10	1	7	290	0.02413793	
	2008	10	2	6	202	0.02970297	
	2008	11	1	9	335	0.02686567	
	2008	11	2	9	223	0.04035874	
	2008	12	1	13	443	0.02934537	
	2008	12	2	12	322	0.03726708	
	2008	13	1	32	628	0.05095541	
	2008	13	2	27	468	0.05769231	
	2008	14	1	50	760	0.06578947	
	2008	14	2	24	507	0.04733728	
	2008	15	1	75	988	0.07591093	
	2008	15	2	39	573	0.06806283	
	2008	16	1	99	1235	0.08016194	
	2008	16	2	47	812	0.05788177	
	2008	17	1	108	1209	0.08933002	
	2008	17	2	65	999	0.06506507	
	2008	18	1	134	1015	0.1320197	
	2008	18	2	70	834	0.08393285	
	2008	19	1	65	397	0.163728	
	2008	19	2	53	409	0.1295844	
	2008	20	1	9	101	0.08910891	
	2008	20	2	26	142	0.1830986	
	2009	1	1	0	645	0	
	2009	1	2	0	482	0	
	2009	2	1	2	247	0.008097166	
	2009	2	2	1	219	0.00456621	
	2009	3	1	1	109	0.009174312	
	2009	3	2	1	83	0.01204819	
	2009	4	1	0	114	0	
	2009	4	2	2	97	0.02061856	
	2009	5	1	0	111	0	
	2009	5	2	0	75	0	
	2009	6	1	0	103	0	
	2009	6	2	0	92	0	
	2009	7	1	0	132	0	
	2009	7	2	1	151	0.006622517	
	2009	8	1	3	199	0.01507538	
	2009	8	2	0	191	0	
	2009	9	1	4	240	0.01666667	
	2009	9	2	2	227	0.008810573	
	2009	10	1	8	340	0.02352941	
	2009	10	2	5	231	0.02164502	
	2009	11	1	14	415	0.03373494	
	2009	11	2	6	283	0.02120141	
	2009	12	1	13	430	0.03023256	
	2009	12	2	10	337	0.02967359	
	2009	13	1	44	731	0.06019152	
	2009	13	2	11	502	0.02191235	
	2009	14	1	48	827	0.05804111	
	2009	14	2	23	571	0.04028021	
	2009	15	1	80	1000	0.08	
	2009	15	2	31	658	0.04711246	
	2009	16	1	102	1256	0.08121019	
	2009	16	2	41	860	0.04767442	
	2009	17	1	117	1322	0.08850227	
	2009	17	2	77	1045	0.07368421	
	2009	18	1	128	1106	0.1157324	
	2009	18	2	81	863	0.09385863	
	2009	19	1	71	421	0.1686461	
	2009	19	2	61	497	0.1227364	
	2009	20	1	16	112	0.1428571	
	2009	20	2	24	148	0.1621622	
	2010	1	1	0	730	0	
	2010	1	2	2	665	0.003007519	
	2010	2	1	2	260	0.007692308	
	2010	2	2	0	211	0	
	2010	3	1	0	109	0	
	2010	3	2	1	88	0.01136364	
	2010	4	1	0	103	0	
	2010	4	2	0	90	0	
	2010	5	1	2	114	0.01754386	
	2010	5	2	0	74	0	
	2010	6	1	0	101	0	
	2010	6	2	0	96	0	
	2010	7	1	0	112	0	
	2010	7	2	2	128	0.015625	
	2010	8	1	0	187	0	
	2010	8	2	1	172	0.005813953	
	2010	9	1	5	239	0.0209205	
	2010	9	2	0	238	0	
	2010	10	1	5	312	0.01602564	
	2010	10	2	5	221	0.02262443	
	2010	11	1	7	353	0.01983003	
	2010	11	2	8	290	0.02758621	
	2010	12	1	14	459	0.03050109	
	2010	12	2	12	338	0.03550296	
	2010	13	1	18	640	0.028125	
	2010	13	2	9	524	0.01717557	
	2010	14	1	32	861	0.03716609	
	2010	14	2	25	562	0.04448399	
	2010	15	1	61	1013	0.06021718	
	2010	15	2	24	629	0.0381558	
	2010	16	1	83	1338	0.06203288	
	2010	16	2	36	817	0.04406365	
	2010	17	1	128	1370	0.09343066	
	2010	17	2	66	1023	0.06451613	
	2010	18	1	120	1072	0.1119403	
	2010	18	2	80	1029	0.07774538	
	2010	19	1	61	482	0.126556	
	2010	19	2	54	482	0.1120332	
	2010	20	1	24	129	0.1860465	
	2010	20	2	23	153	0.1503268	
	2011	1	1	2	652	0.003067485	
	2011	1	2	1	542	0.001845018	
	2011	2	1	0	221	0	
	2011	2	2	0	218	0	
	2011	3	1	0	84	0	
	2011	3	2	1	86	0.01162791	
	2011	4	1	2	114	0.01754386	
	2011	4	2	1	77	0.01298701	
	2011	5	1	0	98	0	
	2011	5	2	1	81	0.01234568	
	2011	6	1	1	112	0.008928571	
	2011	6	2	1	93	0.01075269	
	2011	7	1	1	130	0.007692308	
	2011	7	2	0	146	0	
	2011	8	1	1	181	0.005524862	
	2011	8	2	0	180	0	
	2011	9	1	1	302	0.003311258	
	2011	9	2	1	195	0.005128205	
	2011	10	1	9	322	0.02795031	
	2011	10	2	3	243	0.01234568	
	2011	11	1	16	401	0.03990025	
	2011	11	2	4	272	0.01470588	
	2011	12	1	11	481	0.02286902	
	2011	12	2	7	348	0.02011494	
	2011	13	1	28	617	0.04538088	
	2011	13	2	20	489	0.0408998	
	2011	14	1	51	929	0.05489774	
	2011	14	2	20	630	0.03174603	
	2011	15	1	55	1025	0.05365854	
	2011	15	2	29	651	0.04454685	
	2011	16	1	108	1421	0.07600281	
	2011	16	2	39	893	0.04367301	
	2011	17	1	133	1433	0.09281228	
	2011	17	2	72	1141	0.06310254	
	2011	18	1	127	1127	0.1126886	
	2011	18	2	101	1031	0.09796314	
	2011	19	1	61	513	0.1189084	
	2011	19	2	60	548	0.1094891	
	2011	20	1	24	108	0.2222222	
	2011	20	2	29	192	0.1510417	
	2012	1	1	0	627	0	
	2012	1	2	0	543	0	
	2012	2	1	0	218	0	
	2012	2	2	0	174	0	
	2012	3	1	1	73	0.01369863	
	2012	3	2	0	67	0	
	2012	4	1	2	81	0.02469136	
	2012	4	2	0	66	0	
	2012	5	1	1	94	0.0106383	
	2012	5	2	0	64	0	
	2012	6	1	0	82	0	
	2012	6	2	1	78	0.01282051	
	2012	7	1	0	114	0	
	2012	7	2	1	110	0.009090909	
	2012	8	1	2	161	0.01242236	
	2012	8	2	0	165	0	
	2012	9	1	4	207	0.01932367	
	2012	9	2	1	193	0.005181347	
	2012	10	1	4	299	0.01337793	
	2012	10	2	7	205	0.03414634	
	2012	11	1	9	376	0.02393617	
	2012	11	2	8	258	0.03100775	
	2012	12	1	13	442	0.02941176	
	2012	12	2	15	335	0.04477612	
	2012	13	1	35	648	0.05401235	
	2012	13	2	19	453	0.0419426	
	2012	14	1	49	933	0.05251876	
	2012	14	2	20	604	0.03311258	
	2012	15	1	60	1138	0.05272408	
	2012	15	2	23	659	0.03490137	
	2012	16	1	80	1396	0.05730659	
	2012	16	2	32	890	0.03595506	
	2012	17	1	133	1569	0.08476737	
	2012	17	2	76	1161	0.06546081	
	2012	18	1	129	1181	0.1092295	
	2012	18	2	96	1123	0.08548531	
	2012	19	1	73	606	0.120462	
	2012	19	2	52	616	0.08441558	
	2012	20	1	19	130	0.1461538	
	2012	20	2	30	186	0.1612903	
	2013	1	1	3	583	0.005145798	
	2013	1	2	0	531	0	
	2013	2	1	0	191	0	
	2013	2	2	1	170	0.005882353	
	2013	3	1	0	69	0	
	2013	3	2	0	52	0	
	2013	4	1	1	67	0.01492537	
	2013	4	2	0	44	0	
	2013	5	1	1	68	0.01470588	
	2013	5	2	1	46	0.02173913	
	2013	6	1	0	75	0	
	2013	6	2	1	76	0.01315789	
	2013	7	1	0	105	0	
	2013	7	2	0	122	0	
	2013	8	1	1	170	0.005882353	
	2013	8	2	1	153	0.006535948	
	2013	9	1	3	215	0.01395349	
	2013	9	2	3	204	0.01470588	
	2013	10	1	10	283	0.03533569	
	2013	10	2	2	183	0.01092896	
	2013	11	1	12	374	0.03208556	
	2013	11	2	6	265	0.02264151	
	2013	12	1	15	507	0.0295858	
	2013	12	2	10	356	0.02808989	
	2013	13	1	21	673	0.03120357	
	2013	13	2	10	456	0.02192982	
	2013	14	1	40	903	0.04429679	
	2013	14	2	29	667	0.04347826	
	2013	15	1	48	1193	0.0402347	
	2013	15	2	26	728	0.03571429	
	2013	16	1	82	1371	0.05981036	
	2013	16	2	57	970	0.05876289	
	2013	17	1	141	1553	0.09079202	
	2013	17	2	72	1215	0.05925926	
	2013	18	1	112	1285	0.08715953	
	2013	18	2	80	1219	0.06562756	
	2013	19	1	64	629	0.1017488	
	2013	19	2	70	737	0.09497965	
	2013	20	1	18	128	0.140625	
	2013	20	2	23	201	0.1144279	

