
	I.1.7.M Hüft­ oder Knie­TEP bei anderer Indikation oder Alter < 20, Mortalität // EPT de hanche ou de genou pour autre indication ou âge < 20, mortalité // Endoprotesi totale dell’anca o del ginocchio per altra indicazione o età < 20, mortalità
	BAG/OFSP/UFSP - CH-IQI Version V4.0 - Daten 2013 - 27. Juli 2015

	Jahr	AltEGrp	Sex	DeathCH	CasesCH	pCH	
	2004	1	1	0	10	0	
	2004	1	2	1	20	0.05	
	2004	2	1	1	21	0.04761905	
	2004	2	2	1	23	0.04347826	
	2004	3	1	0	28	0	
	2004	3	2	0	17	0	
	2004	4	1	1	42	0.02380952	
	2004	4	2	0	13	0	
	2004	6	1	0	1	0	
	2004	8	1	0	1	0	
	2004	9	1	0	6	0	
	2004	9	2	0	4	0	
	2004	10	1	1	4	0.25	
	2004	10	2	0	6	0	
	2004	11	1	0	10	0	
	2004	11	2	0	16	0	
	2004	12	1	0	17	0	
	2004	12	2	1	33	0.03030303	
	2004	13	1	1	35	0.02857143	
	2004	13	2	0	76	0	
	2004	14	1	1	62	0.01612903	
	2004	14	2	3	102	0.02941176	
	2004	15	1	4	87	0.04597701	
	2004	15	2	3	220	0.01363636	
	2004	16	1	11	143	0.07692308	
	2004	16	2	11	430	0.0255814	
	2004	17	1	11	178	0.06179775	
	2004	17	2	27	628	0.04299363	
	2004	18	1	14	161	0.08695652	
	2004	18	2	26	596	0.04362416	
	2004	19	1	10	97	0.1030928	
	2004	19	2	24	415	0.05783133	
	2004	20	1	3	25	0.12	
	2004	20	2	15	102	0.1470588	
	2005	1	1	0	19	0	
	2005	1	2	0	7	0	
	2005	2	1	0	33	0	
	2005	2	2	0	3	0	
	2005	3	1	1	23	0.04347826	
	2005	3	2	0	21	0	
	2005	4	1	0	55	0	
	2005	4	2	0	20	0	
	2005	6	2	0	1	0	
	2005	7	1	0	1	0	
	2005	8	1	0	1	0	
	2005	8	2	0	1	0	
	2005	9	1	0	3	0	
	2005	10	1	0	3	0	
	2005	10	2	0	3	0	
	2005	11	1	0	9	0	
	2005	11	2	0	14	0	
	2005	12	1	1	26	0.03846154	
	2005	12	2	0	35	0	
	2005	13	1	0	37	0	
	2005	13	2	0	61	0	
	2005	14	1	0	42	0	
	2005	14	2	1	122	0.008196721	
	2005	15	1	3	78	0.03846154	
	2005	15	2	4	231	0.01731602	
	2005	16	1	5	128	0.0390625	
	2005	16	2	8	409	0.0195599	
	2005	17	1	14	176	0.07954545	
	2005	17	2	26	690	0.03768116	
	2005	18	1	21	148	0.1418919	
	2005	18	2	24	575	0.04173913	
	2005	19	1	15	99	0.1515152	
	2005	19	2	24	400	0.06	
	2005	20	1	3	21	0.1428571	
	2005	20	2	8	109	0.0733945	
	2006	1	1	1	32	0.03125	
	2006	1	2	0	2	0	
	2006	2	1	0	16	0	
	2006	2	2	0	31	0	
	2006	3	1	0	54	0	
	2006	3	2	0	24	0	
	2006	4	1	1	60	0.01666667	
	2006	4	2	0	35	0	
	2006	8	1	0	4	0	
	2006	9	1	0	3	0	
	2006	9	2	0	3	0	
	2006	10	1	0	4	0	
	2006	10	2	0	1	0	
	2006	11	1	0	13	0	
	2006	11	2	0	13	0	
	2006	12	1	0	22	0	
	2006	12	2	0	51	0	
	2006	13	1	0	41	0	
	2006	13	2	0	62	0	
	2006	14	1	0	55	0	
	2006	14	2	0	114	0	
	2006	15	1	2	91	0.02197802	
	2006	15	2	3	215	0.01395349	
	2006	16	1	10	141	0.07092199	
	2006	16	2	9	400	0.0225	
	2006	17	1	16	183	0.08743169	
	2006	17	2	24	720	0.03333333	
	2006	18	1	15	202	0.07425743	
	2006	18	2	29	632	0.04588608	
	2006	19	1	15	126	0.1190476	
	2006	19	2	34	413	0.08232446	
	2006	20	1	8	31	0.2580645	
	2006	20	2	18	136	0.1323529	
	2007	1	1	0	29	0	
	2007	1	2	0	25	0	
	2007	2	1	1	8	0.125	
	2007	2	2	0	12	0	
	2007	3	1	0	46	0	
	2007	3	2	1	24	0.04166667	
	2007	4	1	0	30	0	
	2007	4	2	2	14	0.1428571	
	2007	6	1	0	1	0	
	2007	8	1	0	2	0	
	2007	9	1	0	6	0	
	2007	9	2	0	1	0	
	2007	10	1	0	7	0	
	2007	10	2	0	5	0	
	2007	11	1	1	13	0.07692308	
	2007	11	2	0	17	0	
	2007	12	1	1	27	0.03703704	
	2007	12	2	1	41	0.02439024	
	2007	13	1	0	40	0	
	2007	13	2	1	69	0.01449275	
	2007	14	1	2	56	0.03571429	
	2007	14	2	0	108	0	
	2007	15	1	2	84	0.02380952	
	2007	15	2	3	233	0.01287554	
	2007	16	1	9	144	0.0625	
	2007	16	2	17	399	0.04260652	
	2007	17	1	14	197	0.07106599	
	2007	17	2	21	659	0.03186646	
	2007	18	1	21	194	0.1082474	
	2007	18	2	43	720	0.05972222	
	2007	19	1	10	105	0.0952381	
	2007	19	2	30	439	0.06833713	
	2007	20	1	10	38	0.2631579	
	2007	20	2	12	132	0.09090909	
	2008	1	1	0	49	0	
	2008	1	2	0	25	0	
	2008	2	1	1	10	0.1	
	2008	2	2	0	38	0	
	2008	3	1	1	17	0.05882353	
	2008	3	2	0	35	0	
	2008	4	1	0	48	0	
	2008	4	2	0	18	0	
	2008	7	2	0	1	0	
	2008	8	1	0	1	0	
	2008	8	2	0	1	0	
	2008	9	2	0	1	0	
	2008	10	1	0	6	0	
	2008	10	2	0	8	0	
	2008	11	1	0	15	0	
	2008	11	2	0	10	0	
	2008	12	1	0	22	0	
	2008	12	2	1	31	0.03225806	
	2008	13	1	1	51	0.01960784	
	2008	13	2	1	81	0.01234568	
	2008	14	1	1	65	0.01538462	
	2008	14	2	1	124	0.008064516	
	2008	15	1	3	82	0.03658537	
	2008	15	2	5	191	0.02617801	
	2008	16	1	12	138	0.08695652	
	2008	16	2	9	409	0.02200489	
	2008	17	1	14	216	0.06481481	
	2008	17	2	19	700	0.02714286	
	2008	18	1	16	202	0.07920792	
	2008	18	2	34	672	0.05059524	
	2008	19	1	12	111	0.1081081	
	2008	19	2	34	387	0.0878553	
	2008	20	1	5	43	0.1162791	
	2008	20	2	8	143	0.05594406	
	2009	1	1	0	29	0	
	2009	1	2	0	21	0	
	2009	2	1	0	6	0	
	2009	2	2	0	33	0	
	2009	3	1	0	8	0	
	2009	3	2	1	47	0.0212766	
	2009	4	1	2	62	0.03225806	
	2009	4	2	0	67	0	
	2009	7	1	0	1	0	
	2009	7	2	0	1	0	
	2009	8	1	1	4	0.25	
	2009	8	2	0	4	0	
	2009	9	1	0	6	0	
	2009	9	2	0	4	0	
	2009	10	1	0	13	0	
	2009	10	2	0	3	0	
	2009	11	1	1	13	0.07692308	
	2009	11	2	0	14	0	
	2009	12	1	0	29	0	
	2009	12	2	0	44	0	
	2009	13	1	0	48	0	
	2009	13	2	0	66	0	
	2009	14	1	2	70	0.02857143	
	2009	14	2	1	134	0.007462687	
	2009	15	1	8	104	0.07692308	
	2009	15	2	1	231	0.004329004	
	2009	16	1	6	153	0.03921569	
	2009	16	2	6	391	0.01534527	
	2009	17	1	22	236	0.09322034	
	2009	17	2	11	639	0.0172144	
	2009	18	1	17	236	0.0720339	
	2009	18	2	36	748	0.04812834	
	2009	19	1	16	111	0.1441441	
	2009	19	2	31	429	0.07226107	
	2009	20	1	5	30	0.1666667	
	2009	20	2	14	143	0.0979021	
	2010	1	1	0	14	0	
	2010	1	2	0	14	0	
	2010	2	1	0	15	0	
	2010	2	2	1	1	1	
	2010	3	1	0	24	0	
	2010	3	2	1	48	0.02083333	
	2010	4	1	0	70	0	
	2010	4	2	0	73	0	
	2010	6	1	0	2	0	
	2010	7	2	0	1	0	
	2010	8	1	0	1	0	
	2010	8	2	0	1	0	
	2010	9	1	0	6	0	
	2010	9	2	0	1	0	
	2010	10	1	0	6	0	
	2010	10	2	0	6	0	
	2010	11	1	1	14	0.07142857	
	2010	11	2	1	14	0.07142857	
	2010	12	1	1	26	0.03846154	
	2010	12	2	0	33	0	
	2010	13	1	5	64	0.078125	
	2010	13	2	2	76	0.02631579	
	2010	14	1	2	81	0.02469136	
	2010	14	2	1	141	0.007092199	
	2010	15	1	2	99	0.02020202	
	2010	15	2	8	238	0.03361345	
	2010	16	1	4	152	0.02631579	
	2010	16	2	10	404	0.02475248	
	2010	17	1	16	222	0.07207207	
	2010	17	2	25	708	0.03531073	
	2010	18	1	19	233	0.08154506	
	2010	18	2	35	790	0.0443038	
	2010	19	1	16	117	0.1367521	
	2010	19	2	27	415	0.06506024	
	2010	20	1	7	42	0.1666667	
	2010	20	2	11	113	0.09734513	
	2011	1	1	1	51	0.01960784	
	2011	1	2	1	12	0.08333333	
	2011	2	1	1	21	0.04761905	
	2011	2	2	0	10	0	
	2011	3	1	0	52	0	
	2011	3	2	0	115	0	
	2011	4	1	1	65	0.01538462	
	2011	4	2	1	92	0.01086957	
	2011	5	1	0	1	0	
	2011	7	1	0	1	0	
	2011	7	2	0	1	0	
	2011	8	1	0	3	0	
	2011	8	2	0	5	0	
	2011	9	1	0	5	0	
	2011	9	2	0	5	0	
	2011	10	1	0	9	0	
	2011	10	2	0	8	0	
	2011	11	1	0	20	0	
	2011	11	2	0	16	0	
	2011	12	1	0	26	0	
	2011	12	2	0	48	0	
	2011	13	1	1	55	0.01818182	
	2011	13	2	0	85	0	
	2011	14	1	2	91	0.02197802	
	2011	14	2	1	143	0.006993007	
	2011	15	1	0	97	0	
	2011	15	2	6	240	0.025	
	2011	16	1	7	156	0.04487179	
	2011	16	2	5	425	0.01176471	
	2011	17	1	16	225	0.07111111	
	2011	17	2	20	665	0.03007519	
	2011	18	1	21	252	0.08333333	
	2011	18	2	29	715	0.04055944	
	2011	19	1	10	115	0.08695652	
	2011	19	2	24	419	0.05727924	
	2011	20	1	5	35	0.1428571	
	2011	20	2	9	113	0.07964602	
	2012	1	1	0	33	0	
	2012	1	2	0	37	0	
	2012	2	1	0	47	0	
	2012	2	2	0	28	0	
	2012	3	1	0	44	0	
	2012	3	2	0	39	0	
	2012	4	1	3	95	0.03157895	
	2012	4	2	1	117	0.008547009	
	2012	5	1	0	1	0	
	2012	6	1	0	1	0	
	2012	7	1	0	3	0	
	2012	8	1	0	2	0	
	2012	8	2	0	1	0	
	2012	9	1	0	4	0	
	2012	9	2	0	2	0	
	2012	10	1	0	13	0	
	2012	10	2	0	8	0	
	2012	11	1	0	27	0	
	2012	11	2	2	26	0.07692308	
	2012	12	1	1	38	0.02631579	
	2012	12	2	2	34	0.05882353	
	2012	13	1	2	64	0.03125	
	2012	13	2	0	87	0	
	2012	14	1	2	83	0.02409639	
	2012	14	2	2	159	0.01257862	
	2012	15	1	4	111	0.03603604	
	2012	15	2	2	233	0.008583691	
	2012	16	1	7	160	0.04375	
	2012	16	2	10	424	0.02358491	
	2012	17	1	18	219	0.08219178	
	2012	17	2	19	667	0.02848576	
	2012	18	1	31	243	0.127572	
	2012	18	2	40	727	0.05502063	
	2012	19	1	15	136	0.1102941	
	2012	19	2	41	454	0.09030837	
	2012	20	1	6	41	0.1463415	
	2012	20	2	22	137	0.1605839	
	2013	1	1	0	41	0	
	2013	1	2	0	8	0	
	2013	2	1	0	17	0	
	2013	2	2	0	24	0	
	2013	3	1	0	56	0	
	2013	3	2	1	76	0.01315789	
	2013	4	1	0	31	0	
	2013	4	2	1	37	0.02702703	
	2013	5	2	0	1	0	
	2013	6	2	0	1	0	
	2013	7	1	0	2	0	
	2013	7	2	0	2	0	
	2013	8	1	0	3	0	
	2013	8	2	0	1	0	
	2013	9	1	0	4	0	
	2013	9	2	0	3	0	
	2013	10	1	0	15	0	
	2013	10	2	1	11	0.09090909	
	2013	11	1	0	22	0	
	2013	11	2	0	22	0	
	2013	12	1	1	46	0.02173913	
	2013	12	2	0	47	0	
	2013	13	1	2	67	0.02985075	
	2013	13	2	2	72	0.02777778	
	2013	14	1	3	89	0.03370787	
	2013	14	2	1	151	0.006622517	
	2013	15	1	3	115	0.02608696	
	2013	15	2	7	242	0.02892562	
	2013	16	1	7	137	0.05109489	
	2013	16	2	6	396	0.01515152	
	2013	17	1	10	225	0.04444444	
	2013	17	2	21	654	0.03211009	
	2013	18	1	19	221	0.08597285	
	2013	18	2	38	788	0.04822335	
	2013	19	1	20	135	0.1481481	
	2013	19	2	39	466	0.08369099	
	2013	20	1	8	36	0.2222222	
	2013	20	2	10	128	0.078125	

