
	H.1.3.M Partielle Nephrektomie, Mortalität // Néphrectomie partielle, mortalité // Nefrectomia parziale, mortalità
	BAG/OFSP/UFSP - CH-IQI Version V4.0 - Daten 2013 - 27. Juli 2015

	Jahr	AltEGrp	Sex	DeathCH	CasesCH	pCH	
	1998	1	1	0	6	0	
	1998	1	2	0	4	0	
	1998	2	2	0	1	0	
	1998	5	1	0	1	0	
	1998	7	2	0	1	0	
	1998	8	1	0	2	0	
	1998	8	2	0	1	0	
	1998	9	1	0	3	0	
	1998	9	2	0	2	0	
	1998	10	1	0	1	0	
	1998	11	1	0	5	0	
	1998	11	2	0	2	0	
	1998	12	1	0	5	0	
	1998	12	2	0	3	0	
	1998	13	1	0	4	0	
	1998	13	2	0	2	0	
	1998	14	1	0	2	0	
	1998	14	2	0	6	0	
	1998	15	1	0	3	0	
	1998	15	2	0	2	0	
	1998	16	1	0	4	0	
	1998	16	2	1	2	0.5	
	1999	1	1	0	1	0	
	1999	1	2	0	2	0	
	1999	2	1	0	1	0	
	1999	2	2	0	3	0	
	1999	3	1	0	1	0	
	1999	6	1	0	1	0	
	1999	6	2	0	1	0	
	1999	7	1	0	1	0	
	1999	8	1	0	1	0	
	1999	8	2	0	4	0	
	1999	9	1	0	3	0	
	1999	9	2	0	2	0	
	1999	10	1	0	8	0	
	1999	10	2	0	2	0	
	1999	11	1	0	4	0	
	1999	11	2	0	3	0	
	1999	12	1	0	5	0	
	1999	12	2	0	6	0	
	1999	13	1	0	4	0	
	1999	13	2	0	5	0	
	1999	14	1	0	7	0	
	1999	14	2	0	2	0	
	1999	15	1	0	3	0	
	1999	15	2	0	1	0	
	1999	16	1	0	6	0	
	1999	16	2	0	4	0	
	1999	17	2	0	1	0	
	2000	1	2	0	3	0	
	2000	3	1	0	1	0	
	2000	3	2	0	1	0	
	2000	5	2	0	2	0	
	2000	6	2	0	2	0	
	2000	7	1	0	2	0	
	2000	7	2	0	1	0	
	2000	8	1	0	2	0	
	2000	8	2	0	2	0	
	2000	9	1	0	3	0	
	2000	9	2	0	2	0	
	2000	10	2	0	1	0	
	2000	11	1	0	5	0	
	2000	11	2	0	7	0	
	2000	12	1	0	8	0	
	2000	12	2	0	9	0	
	2000	13	1	0	5	0	
	2000	13	2	0	2	0	
	2000	14	1	0	10	0	
	2000	14	2	0	4	0	
	2000	15	1	0	14	0	
	2000	15	2	0	2	0	
	2000	16	1	0	5	0	
	2000	16	2	0	4	0	
	2000	17	1	0	2	0	
	2000	18	2	0	1	0	
	2000	19	2	0	2	0	
	2001	1	1	0	4	0	
	2001	1	2	0	5	0	
	2001	2	2	0	1	0	
	2001	4	2	0	1	0	
	2001	5	1	0	3	0	
	2001	5	2	0	1	0	
	2001	6	2	0	1	0	
	2001	7	1	0	1	0	
	2001	7	2	0	3	0	
	2001	8	1	0	4	0	
	2001	8	2	0	4	0	
	2001	9	1	0	4	0	
	2001	9	2	0	4	0	
	2001	10	1	0	6	0	
	2001	10	2	0	3	0	
	2001	11	1	0	5	0	
	2001	11	2	0	3	0	
	2001	12	1	0	7	0	
	2001	12	2	0	6	0	
	2001	13	1	0	13	0	
	2001	13	2	0	8	0	
	2001	14	1	0	15	0	
	2001	14	2	0	8	0	
	2001	15	1	0	5	0	
	2001	15	2	0	5	0	
	2001	16	1	0	7	0	
	2001	16	2	0	3	0	
	2001	17	1	0	1	0	
	2001	17	2	0	1	0	
	2002	1	1	0	2	0	
	2002	1	2	0	1	0	
	2002	2	1	0	1	0	
	2002	2	2	0	1	0	
	2002	3	2	0	1	0	
	2002	4	1	0	1	0	
	2002	6	2	0	3	0	
	2002	7	1	0	1	0	
	2002	7	2	0	1	0	
	2002	8	1	0	3	0	
	2002	8	2	0	3	0	
	2002	9	1	0	4	0	
	2002	9	2	0	2	0	
	2002	10	1	1	9	0.1111111	
	2002	10	2	0	3	0	
	2002	11	1	0	8	0	
	2002	11	2	0	5	0	
	2002	12	1	0	6	0	
	2002	12	2	0	3	0	
	2002	13	1	0	7	0	
	2002	13	2	0	9	0	
	2002	14	1	0	18	0	
	2002	14	2	0	6	0	
	2002	15	1	0	10	0	
	2002	15	2	0	5	0	
	2002	16	1	0	5	0	
	2002	16	2	0	3	0	
	2002	17	1	0	1	0	
	2002	17	2	0	1	0	
	2003	1	1	0	6	0	
	2003	1	2	0	7	0	
	2003	5	2	0	2	0	
	2003	6	2	0	1	0	
	2003	7	1	0	3	0	
	2003	7	2	0	2	0	
	2003	8	2	0	2	0	
	2003	9	1	0	3	0	
	2003	9	2	0	3	0	
	2003	10	1	0	13	0	
	2003	10	2	0	10	0	
	2003	11	1	0	7	0	
	2003	11	2	0	2	0	
	2003	12	1	0	12	0	
	2003	12	2	0	4	0	
	2003	13	1	0	14	0	
	2003	13	2	0	9	0	
	2003	14	1	0	19	0	
	2003	14	2	0	17	0	
	2003	15	1	0	12	0	
	2003	15	2	0	7	0	
	2003	16	1	0	5	0	
	2003	16	2	1	5	0.2	
	2003	17	1	0	4	0	
	2003	18	1	0	2	0	
	2003	19	1	0	1	0	
	2004	1	1	0	4	0	
	2004	1	2	0	4	0	
	2004	2	1	0	1	0	
	2004	2	2	0	3	0	
	2004	3	2	0	1	0	
	2004	4	1	0	2	0	
	2004	6	1	0	1	0	
	2004	7	1	0	2	0	
	2004	7	2	0	2	0	
	2004	8	1	0	4	0	
	2004	8	2	0	2	0	
	2004	9	1	0	8	0	
	2004	9	2	0	4	0	
	2004	10	1	0	6	0	
	2004	10	2	0	5	0	
	2004	11	1	0	9	0	
	2004	11	2	0	8	0	
	2004	12	1	0	11	0	
	2004	12	2	0	8	0	
	2004	13	1	0	16	0	
	2004	13	2	0	8	0	
	2004	14	1	0	17	0	
	2004	14	2	0	9	0	
	2004	15	1	0	14	0	
	2004	15	2	0	8	0	
	2004	16	1	0	13	0	
	2004	16	2	0	8	0	
	2004	17	1	0	6	0	
	2004	17	2	0	2	0	
	2005	1	1	0	7	0	
	2005	1	2	0	6	0	
	2005	2	2	0	2	0	
	2005	5	2	0	1	0	
	2005	6	2	0	2	0	
	2005	7	1	0	1	0	
	2005	7	2	0	3	0	
	2005	8	1	0	3	0	
	2005	8	2	0	2	0	
	2005	9	1	0	7	0	
	2005	9	2	0	3	0	
	2005	10	1	0	5	0	
	2005	10	2	0	3	0	
	2005	11	1	0	15	0	
	2005	11	2	0	4	0	
	2005	12	1	0	23	0	
	2005	12	2	0	15	0	
	2005	13	1	0	16	0	
	2005	13	2	0	12	0	
	2005	14	1	0	12	0	
	2005	14	2	0	12	0	
	2005	15	1	1	20	0.05	
	2005	15	2	0	9	0	
	2005	16	1	0	8	0	
	2005	16	2	0	8	0	
	2005	17	1	1	3	0.3333333	
	2005	17	2	0	5	0	
	2005	18	1	0	2	0	
	2005	18	2	0	1	0	
	2005	19	2	0	1	0	
	2006	1	1	0	6	0	
	2006	1	2	0	8	0	
	2006	3	1	0	1	0	
	2006	4	1	0	2	0	
	2006	5	1	0	3	0	
	2006	5	2	0	1	0	
	2006	6	1	0	3	0	
	2006	6	2	0	1	0	
	2006	7	1	0	3	0	
	2006	7	2	0	5	0	
	2006	8	1	0	1	0	
	2006	8	2	0	2	0	
	2006	9	1	0	5	0	
	2006	9	2	0	4	0	
	2006	10	1	0	9	0	
	2006	10	2	0	12	0	
	2006	11	1	0	8	0	
	2006	11	2	0	9	0	
	2006	12	1	0	19	0	
	2006	12	2	0	5	0	
	2006	13	1	0	35	0	
	2006	13	2	0	10	0	
	2006	14	1	0	25	0	
	2006	14	2	0	7	0	
	2006	15	1	0	15	0	
	2006	15	2	0	9	0	
	2006	16	1	0	9	0	
	2006	16	2	0	4	0	
	2006	17	1	0	2	0	
	2006	17	2	0	4	0	
	2006	18	2	0	1	0	
	2007	1	1	0	2	0	
	2007	1	2	0	8	0	
	2007	2	2	0	2	0	
	2007	5	1	0	1	0	
	2007	6	2	0	1	0	
	2007	7	1	0	1	0	
	2007	7	2	0	2	0	
	2007	8	1	0	4	0	
	2007	8	2	0	4	0	
	2007	9	1	0	7	0	
	2007	9	2	0	6	0	
	2007	10	1	0	9	0	
	2007	10	2	0	10	0	
	2007	11	1	0	15	0	
	2007	11	2	0	4	0	
	2007	12	1	0	14	0	
	2007	12	2	0	12	0	
	2007	13	1	0	27	0	
	2007	13	2	0	11	0	
	2007	14	1	0	26	0	
	2007	14	2	0	20	0	
	2007	15	1	0	22	0	
	2007	15	2	0	13	0	
	2007	16	1	0	17	0	
	2007	16	2	0	10	0	
	2007	17	1	0	8	0	
	2007	17	2	0	7	0	
	2007	18	1	0	1	0	
	2007	18	2	0	1	0	
	2007	19	2	0	1	0	
	2008	1	1	0	2	0	
	2008	1	2	0	5	0	
	2008	2	1	0	1	0	
	2008	4	2	0	1	0	
	2008	5	2	0	2	0	
	2008	6	1	0	1	0	
	2008	7	1	0	5	0	
	2008	7	2	0	3	0	
	2008	8	2	0	6	0	
	2008	9	1	0	9	0	
	2008	9	2	0	4	0	
	2008	10	1	0	19	0	
	2008	10	2	0	8	0	
	2008	11	1	0	10	0	
	2008	11	2	0	14	0	
	2008	12	1	1	23	0.04347826	
	2008	12	2	0	15	0	
	2008	13	1	1	28	0.03571429	
	2008	13	2	0	10	0	
	2008	14	1	0	39	0	
	2008	14	2	0	16	0	
	2008	15	1	1	31	0.03225806	
	2008	15	2	0	17	0	
	2008	16	1	0	21	0	
	2008	16	2	0	14	0	
	2008	17	1	0	6	0	
	2008	17	2	1	6	0.1666667	
	2008	18	2	0	1	0	
	2008	19	1	0	1	0	
	2009	1	1	0	5	0	
	2009	1	2	0	7	0	
	2009	2	1	0	1	0	
	2009	2	2	0	2	0	
	2009	3	1	0	1	0	
	2009	4	1	0	1	0	
	2009	5	1	0	1	0	
	2009	5	2	0	2	0	
	2009	6	1	0	2	0	
	2009	6	2	0	2	0	
	2009	7	1	0	1	0	
	2009	7	2	0	3	0	
	2009	8	1	0	4	0	
	2009	8	2	0	7	0	
	2009	9	1	0	11	0	
	2009	9	2	0	8	0	
	2009	10	1	1	17	0.05882353	
	2009	10	2	0	6	0	
	2009	11	1	0	23	0	
	2009	11	2	0	11	0	
	2009	12	1	0	18	0	
	2009	12	2	0	10	0	
	2009	13	1	0	32	0	
	2009	13	2	0	17	0	
	2009	14	1	1	35	0.02857143	
	2009	14	2	0	27	0	
	2009	15	1	0	37	0	
	2009	15	2	0	17	0	
	2009	16	1	0	25	0	
	2009	16	2	0	7	0	
	2009	17	1	0	8	0	
	2009	17	2	0	9	0	
	2009	18	1	0	1	0	
	2010	1	1	0	5	0	
	2010	1	2	0	6	0	
	2010	2	2	0	3	0	
	2010	4	1	0	1	0	
	2010	4	2	0	1	0	
	2010	5	1	0	1	0	
	2010	5	2	0	1	0	
	2010	6	1	0	4	0	
	2010	6	2	0	3	0	
	2010	7	1	0	1	0	
	2010	7	2	0	1	0	
	2010	8	1	0	5	0	
	2010	8	2	0	1	0	
	2010	9	1	0	7	0	
	2010	9	2	0	10	0	
	2010	10	1	0	14	0	
	2010	10	2	0	9	0	
	2010	11	1	0	20	0	
	2010	11	2	0	12	0	
	2010	12	1	0	31	0	
	2010	12	2	0	17	0	
	2010	13	1	0	30	0	
	2010	13	2	0	11	0	
	2010	14	1	0	52	0	
	2010	14	2	0	22	0	
	2010	15	1	0	35	0	
	2010	15	2	0	18	0	
	2010	16	1	0	16	0	
	2010	16	2	0	12	0	
	2010	17	1	0	11	0	
	2010	17	2	0	6	0	
	2010	18	1	0	1	0	
	2011	1	1	0	2	0	
	2011	1	2	0	7	0	
	2011	2	2	0	2	0	
	2011	3	1	0	2	0	
	2011	4	1	0	1	0	
	2011	5	1	0	1	0	
	2011	5	2	0	2	0	
	2011	6	1	0	2	0	
	2011	6	2	0	2	0	
	2011	7	1	0	2	0	
	2011	7	2	0	2	0	
	2011	8	1	0	4	0	
	2011	8	2	0	1	0	
	2011	9	1	0	12	0	
	2011	9	2	0	4	0	
	2011	10	1	0	13	0	
	2011	10	2	0	10	0	
	2011	11	1	0	22	0	
	2011	11	2	0	9	0	
	2011	12	1	0	29	0	
	2011	12	2	0	10	0	
	2011	13	1	1	42	0.02380952	
	2011	13	2	0	22	0	
	2011	14	1	1	64	0.015625	
	2011	14	2	0	21	0	
	2011	15	1	0	27	0	
	2011	15	2	0	18	0	
	2011	16	1	0	25	0	
	2011	16	2	0	17	0	
	2011	17	1	0	7	0	
	2011	17	2	0	5	0	
	2011	18	1	0	2	0	
	2012	1	1	0	3	0	
	2012	1	2	0	1	0	
	2012	2	1	0	1	0	
	2012	2	2	0	3	0	
	2012	4	1	0	1	0	
	2012	5	1	0	1	0	
	2012	5	2	0	1	0	
	2012	6	1	0	4	0	
	2012	7	1	0	4	0	
	2012	7	2	0	4	0	
	2012	8	1	0	8	0	
	2012	8	2	0	5	0	
	2012	9	1	0	5	0	
	2012	9	2	0	10	0	
	2012	10	1	0	23	0	
	2012	10	2	0	12	0	
	2012	11	1	0	28	0	
	2012	11	2	0	4	0	
	2012	12	1	0	28	0	
	2012	12	2	0	13	0	
	2012	13	1	0	46	0	
	2012	13	2	0	28	0	
	2012	14	1	0	56	0	
	2012	14	2	0	22	0	
	2012	15	1	0	36	0	
	2012	15	2	0	24	0	
	2012	16	1	0	43	0	
	2012	16	2	0	21	0	
	2012	17	1	1	8	0.125	
	2012	17	2	1	9	0.1111111	
	2012	18	1	0	2	0	
	2012	18	2	0	2	0	
	2013	1	1	0	4	0	
	2013	1	2	0	9	0	
	2013	2	2	0	1	0	
	2013	3	2	0	1	0	
	2013	5	1	0	2	0	
	2013	6	1	0	3	0	
	2013	6	2	0	2	0	
	2013	7	2	0	4	0	
	2013	8	1	0	7	0	
	2013	8	2	0	2	0	
	2013	9	1	0	7	0	
	2013	9	2	0	8	0	
	2013	10	1	0	23	0	
	2013	10	2	0	13	0	
	2013	11	1	0	39	0	
	2013	11	2	0	18	0	
	2013	12	1	0	31	0	
	2013	12	2	0	12	0	
	2013	13	1	0	40	0	
	2013	13	2	0	16	0	
	2013	14	1	1	68	0.01470588	
	2013	14	2	0	21	0	
	2013	15	1	0	47	0	
	2013	15	2	0	18	0	
	2013	16	1	0	21	0	
	2013	16	2	0	10	0	
	2013	17	1	0	9	0	
	2013	17	2	0	8	0	
	2013	18	2	0	1	0	

