
	B.1.8.M Hirninfarkt (ICD­10 I63, Alter >19), Direktaufnahmen, Mortalität // Infarctus cérébral (CIM­10 I63, âge >19), admissions directes, mortalité // Infarto cerebrale (ICD­10 I63, età >19), ammissioni dirette, mortalità
	BAG/OFSP/UFSP - CH-IQI Version V4.0 - Daten 2013 - 27. Juli 2015

	Jahr	AltEGrp	Sex	DeathCH	CasesCH	pCH	
	1998	5	1	0	4	0	
	1998	5	2	0	3	0	
	1998	6	1	0	6	0	
	1998	6	2	0	9	0	
	1998	7	1	0	10	0	
	1998	7	2	0	12	0	
	1998	8	1	0	10	0	
	1998	8	2	0	7	0	
	1998	9	1	0	19	0	
	1998	9	2	0	23	0	
	1998	10	1	0	34	0	
	1998	10	2	1	10	0.1	
	1998	11	1	0	70	0	
	1998	11	2	1	38	0.02631579	
	1998	12	1	3	103	0.02912621	
	1998	12	2	2	41	0.04878049	
	1998	13	1	5	130	0.03846154	
	1998	13	2	5	66	0.07575758	
	1998	14	1	9	161	0.05590062	
	1998	14	2	7	105	0.06666667	
	1998	15	1	19	219	0.08675799	
	1998	15	2	14	161	0.08695652	
	1998	16	1	26	257	0.1011673	
	1998	16	2	23	230	0.1	
	1998	17	1	32	190	0.1684211	
	1998	17	2	35	250	0.14	
	1998	18	1	21	125	0.168	
	1998	18	2	42	228	0.1842105	
	1998	19	1	10	38	0.2631579	
	1998	19	2	21	73	0.2876712	
	1998	20	1	3	4	0.75	
	1998	20	2	0	4	0	
	1999	5	1	0	4	0	
	1999	5	2	0	3	0	
	1999	6	1	0	5	0	
	1999	6	2	0	4	0	
	1999	7	1	0	8	0	
	1999	7	2	0	6	0	
	1999	8	1	0	22	0	
	1999	8	2	0	16	0	
	1999	9	1	0	28	0	
	1999	9	2	0	16	0	
	1999	10	1	0	48	0	
	1999	10	2	0	27	0	
	1999	11	1	2	86	0.02325581	
	1999	11	2	2	44	0.04545455	
	1999	12	1	6	133	0.04511278	
	1999	12	2	1	40	0.025	
	1999	13	1	8	164	0.04878049	
	1999	13	2	4	80	0.05	
	1999	14	1	11	219	0.05022831	
	1999	14	2	10	118	0.08474576	
	1999	15	1	27	309	0.08737864	
	1999	15	2	12	219	0.05479452	
	1999	16	1	27	332	0.0813253	
	1999	16	2	26	292	0.0890411	
	1999	17	1	31	243	0.127572	
	1999	17	2	45	322	0.1397516	
	1999	18	1	31	162	0.191358	
	1999	18	2	49	283	0.1731449	
	1999	19	1	10	41	0.2439024	
	1999	19	2	17	87	0.1954023	
	1999	20	1	0	4	0	
	1999	20	2	2	14	0.1428571	
	2000	5	1	0	1	0	
	2000	5	2	1	11	0.09090909	
	2000	6	1	0	4	0	
	2000	6	2	0	5	0	
	2000	7	1	0	10	0	
	2000	7	2	0	13	0	
	2000	8	1	2	19	0.1052632	
	2000	8	2	0	18	0	
	2000	9	1	1	22	0.04545455	
	2000	9	2	0	27	0	
	2000	10	1	3	62	0.0483871	
	2000	10	2	1	20	0.05	
	2000	11	1	4	88	0.04545455	
	2000	11	2	1	45	0.02222222	
	2000	12	1	4	124	0.03225806	
	2000	12	2	7	71	0.09859155	
	2000	13	1	12	176	0.06818182	
	2000	13	2	2	85	0.02352941	
	2000	14	1	14	234	0.05982906	
	2000	14	2	9	132	0.06818182	
	2000	15	1	23	306	0.0751634	
	2000	15	2	17	204	0.08333333	
	2000	16	1	39	358	0.1089385	
	2000	16	2	41	342	0.119883	
	2000	17	1	36	270	0.1333333	
	2000	17	2	33	330	0.1	
	2000	18	1	24	165	0.1454545	
	2000	18	2	45	270	0.1666667	
	2000	19	1	17	57	0.2982456	
	2000	19	2	23	115	0.2	
	2000	20	1	2	7	0.2857143	
	2000	20	2	2	17	0.1176471	
	2001	5	1	0	2	0	
	2001	5	2	0	7	0	
	2001	6	1	0	10	0	
	2001	6	2	0	9	0	
	2001	7	1	1	10	0.1	
	2001	7	2	0	11	0	
	2001	8	1	0	20	0	
	2001	8	2	0	16	0	
	2001	9	1	1	31	0.03225806	
	2001	9	2	1	26	0.03846154	
	2001	10	1	0	48	0	
	2001	10	2	1	39	0.02564103	
	2001	11	1	3	122	0.02459016	
	2001	11	2	3	63	0.04761905	
	2001	12	1	1	163	0.006134969	
	2001	12	2	3	74	0.04054054	
	2001	13	1	4	212	0.01886792	
	2001	13	2	5	88	0.05681818	
	2001	14	1	13	264	0.04924242	
	2001	14	2	2	161	0.01242236	
	2001	15	1	26	370	0.07027027	
	2001	15	2	15	220	0.06818182	
	2001	16	1	40	390	0.1025641	
	2001	16	2	37	400	0.0925	
	2001	17	1	45	334	0.1347305	
	2001	17	2	47	375	0.1253333	
	2001	18	1	38	231	0.1645022	
	2001	18	2	57	341	0.1671554	
	2001	19	1	9	50	0.18	
	2001	19	2	36	174	0.2068966	
	2001	20	1	3	9	0.3333333	
	2001	20	2	6	15	0.4	
	2002	5	1	0	7	0	
	2002	5	2	0	2	0	
	2002	6	1	0	6	0	
	2002	6	2	0	4	0	
	2002	7	1	0	13	0	
	2002	7	2	0	10	0	
	2002	8	1	0	32	0	
	2002	8	2	0	20	0	
	2002	9	1	1	41	0.02439024	
	2002	9	2	2	20	0.1	
	2002	10	1	1	56	0.01785714	
	2002	10	2	1	44	0.02272727	
	2002	11	1	0	107	0	
	2002	11	2	2	74	0.02702703	
	2002	12	1	5	190	0.02631579	
	2002	12	2	4	75	0.05333333	
	2002	13	1	8	226	0.03539823	
	2002	13	2	5	106	0.04716981	
	2002	14	1	11	292	0.03767123	
	2002	14	2	9	180	0.05	
	2002	15	1	27	384	0.0703125	
	2002	15	2	26	267	0.09737828	
	2002	16	1	40	407	0.0982801	
	2002	16	2	38	372	0.1021505	
	2002	17	1	52	375	0.1386667	
	2002	17	2	65	488	0.1331967	
	2002	18	1	36	201	0.1791045	
	2002	18	2	46	347	0.1325648	
	2002	19	1	23	73	0.3150685	
	2002	19	2	32	163	0.196319	
	2002	20	1	5	11	0.4545455	
	2002	20	2	5	25	0.2	
	2003	5	1	0	6	0	
	2003	5	2	0	8	0	
	2003	6	1	0	8	0	
	2003	6	2	0	6	0	
	2003	7	1	0	9	0	
	2003	7	2	0	14	0	
	2003	8	1	0	27	0	
	2003	8	2	0	14	0	
	2003	9	1	0	36	0	
	2003	9	2	0	23	0	
	2003	10	1	2	53	0.03773585	
	2003	10	2	2	51	0.03921569	
	2003	11	1	3	121	0.02479339	
	2003	11	2	1	60	0.01666667	
	2003	12	1	7	190	0.03684211	
	2003	12	2	3	78	0.03846154	
	2003	13	1	6	236	0.02542373	
	2003	13	2	5	112	0.04464286	
	2003	14	1	13	286	0.04545455	
	2003	14	2	6	163	0.03680982	
	2003	15	1	28	425	0.06588235	
	2003	15	2	17	256	0.06640625	
	2003	16	1	33	420	0.07857143	
	2003	16	2	27	408	0.06617647	
	2003	17	1	56	412	0.1359223	
	2003	17	2	63	501	0.1257485	
	2003	18	1	43	202	0.2128713	
	2003	18	2	61	384	0.1588542	
	2003	19	1	28	87	0.3218391	
	2003	19	2	36	159	0.2264151	
	2003	20	1	3	12	0.25	
	2003	20	2	9	25	0.36	
	2004	5	1	0	2	0	
	2004	5	2	0	10	0	
	2004	6	1	0	3	0	
	2004	6	2	0	8	0	
	2004	7	1	0	12	0	
	2004	7	2	0	21	0	
	2004	8	1	0	21	0	
	2004	8	2	0	18	0	
	2004	9	1	3	43	0.06976744	
	2004	9	2	1	43	0.02325581	
	2004	10	1	3	87	0.03448276	
	2004	10	2	1	42	0.02380952	
	2004	11	1	2	129	0.01550388	
	2004	11	2	2	57	0.03508772	
	2004	12	1	6	182	0.03296703	
	2004	12	2	4	65	0.06153846	
	2004	13	1	6	224	0.02678571	
	2004	13	2	4	103	0.03883495	
	2004	14	1	14	313	0.04472843	
	2004	14	2	8	163	0.04907975	
	2004	15	1	24	321	0.07476636	
	2004	15	2	12	259	0.04633205	
	2004	16	1	36	402	0.08955224	
	2004	16	2	32	448	0.07142857	
	2004	17	1	45	379	0.1187335	
	2004	17	2	54	484	0.1115702	
	2004	18	1	38	204	0.1862745	
	2004	18	2	42	318	0.1320755	
	2004	19	1	12	79	0.1518987	
	2004	19	2	39	156	0.25	
	2004	20	1	0	4	0	
	2004	20	2	7	24	0.2916667	
	2005	5	1	0	4	0	
	2005	5	2	0	8	0	
	2005	6	1	0	3	0	
	2005	6	2	0	7	0	
	2005	7	1	0	9	0	
	2005	7	2	0	14	0	
	2005	8	1	0	26	0	
	2005	8	2	3	30	0.1	
	2005	9	1	1	50	0.02	
	2005	9	2	0	27	0	
	2005	10	1	2	82	0.02439024	
	2005	10	2	1	62	0.01612903	
	2005	11	1	1	128	0.0078125	
	2005	11	2	1	56	0.01785714	
	2005	12	1	4	211	0.01895735	
	2005	12	2	1	61	0.01639344	
	2005	13	1	12	273	0.04395604	
	2005	13	2	5	103	0.04854369	
	2005	14	1	11	351	0.03133903	
	2005	14	2	10	171	0.05847953	
	2005	15	1	26	364	0.07142857	
	2005	15	2	17	271	0.06273063	
	2005	16	1	38	443	0.08577878	
	2005	16	2	43	404	0.1064356	
	2005	17	1	50	407	0.1228501	
	2005	17	2	52	536	0.09701493	
	2005	18	1	41	202	0.2029703	
	2005	18	2	54	331	0.163142	
	2005	19	1	23	81	0.2839506	
	2005	19	2	31	161	0.1925466	
	2005	20	1	3	11	0.2727273	
	2005	20	2	7	26	0.2692308	
	2006	5	1	0	3	0	
	2006	5	2	0	1	0	
	2006	6	1	1	8	0.125	
	2006	6	2	0	18	0	
	2006	7	1	0	11	0	
	2006	7	2	1	18	0.05555556	
	2006	8	1	0	23	0	
	2006	8	2	0	17	0	
	2006	9	1	2	53	0.03773585	
	2006	9	2	0	42	0	
	2006	10	1	0	89	0	
	2006	10	2	1	51	0.01960784	
	2006	11	1	2	162	0.01234568	
	2006	11	2	0	69	0	
	2006	12	1	10	255	0.03921569	
	2006	12	2	3	91	0.03296703	
	2006	13	1	16	297	0.05387205	
	2006	13	2	5	141	0.03546099	
	2006	14	1	17	328	0.05182927	
	2006	14	2	3	168	0.01785714	
	2006	15	1	19	456	0.04166667	
	2006	15	2	18	308	0.05844156	
	2006	16	1	46	512	0.08984375	
	2006	16	2	38	497	0.07645875	
	2006	17	1	67	467	0.143469	
	2006	17	2	62	532	0.1165414	
	2006	18	1	46	273	0.1684982	
	2006	18	2	90	445	0.2022472	
	2006	19	1	13	85	0.1529412	
	2006	19	2	30	183	0.1639344	
	2006	20	1	4	12	0.3333333	
	2006	20	2	11	34	0.3235294	
	2007	5	1	0	5	0	
	2007	5	2	0	4	0	
	2007	6	1	0	5	0	
	2007	6	2	0	10	0	
	2007	7	1	0	13	0	
	2007	7	2	2	9	0.2222222	
	2007	8	1	0	25	0	
	2007	8	2	1	21	0.04761905	
	2007	9	1	1	53	0.01886792	
	2007	9	2	1	33	0.03030303	
	2007	10	1	4	97	0.04123711	
	2007	10	2	0	52	0	
	2007	11	1	1	138	0.007246377	
	2007	11	2	0	80	0	
	2007	12	1	10	234	0.04273504	
	2007	12	2	6	102	0.05882353	
	2007	13	1	11	298	0.03691275	
	2007	13	2	5	151	0.03311258	
	2007	14	1	21	367	0.05722071	
	2007	14	2	3	171	0.01754386	
	2007	15	1	24	450	0.05333333	
	2007	15	2	16	292	0.05479452	
	2007	16	1	43	491	0.08757637	
	2007	16	2	35	473	0.07399577	
	2007	17	1	49	456	0.1074561	
	2007	17	2	68	544	0.125	
	2007	18	1	44	303	0.1452145	
	2007	18	2	68	474	0.1434599	
	2007	19	1	20	96	0.2083333	
	2007	19	2	40	226	0.1769912	
	2007	20	1	2	11	0.1818182	
	2007	20	2	24	47	0.5106383	
	2008	5	1	0	7	0	
	2008	5	2	0	6	0	
	2008	6	1	0	9	0	
	2008	6	2	0	10	0	
	2008	7	1	0	22	0	
	2008	7	2	0	19	0	
	2008	8	1	2	31	0.06451613	
	2008	8	2	1	24	0.04166667	
	2008	9	1	2	72	0.02777778	
	2008	9	2	1	44	0.02272727	
	2008	10	1	2	92	0.02173913	
	2008	10	2	3	74	0.04054054	
	2008	11	1	2	197	0.01015228	
	2008	11	2	2	75	0.02666667	
	2008	12	1	11	264	0.04166667	
	2008	12	2	6	101	0.05940594	
	2008	13	1	9	345	0.02608696	
	2008	13	2	7	150	0.04666667	
	2008	14	1	13	423	0.03073286	
	2008	14	2	7	216	0.03240741	
	2008	15	1	35	477	0.07337526	
	2008	15	2	22	317	0.06940063	
	2008	16	1	51	616	0.08279221	
	2008	16	2	30	465	0.06451613	
	2008	17	1	52	532	0.09774436	
	2008	17	2	74	604	0.1225166	
	2008	18	1	58	319	0.1818182	
	2008	18	2	69	533	0.1294559	
	2008	19	1	28	120	0.2333333	
	2008	19	2	44	213	0.2065728	
	2008	20	1	5	12	0.4166667	
	2008	20	2	14	53	0.2641509	
	2009	5	1	0	5	0	
	2009	5	2	0	6	0	
	2009	6	1	0	13	0	
	2009	6	2	0	13	0	
	2009	7	1	0	18	0	
	2009	7	2	0	21	0	
	2009	8	1	0	44	0	
	2009	8	2	0	28	0	
	2009	9	1	2	89	0.02247191	
	2009	9	2	0	43	0	
	2009	10	1	0	131	0	
	2009	10	2	2	50	0.04	
	2009	11	1	1	192	0.005208333	
	2009	11	2	1	66	0.01515152	
	2009	12	1	13	266	0.04887218	
	2009	12	2	2	97	0.02061856	
	2009	13	1	10	356	0.02808989	
	2009	13	2	7	160	0.04375	
	2009	14	1	24	474	0.05063291	
	2009	14	2	14	234	0.05982906	
	2009	15	1	29	544	0.05330882	
	2009	15	2	23	333	0.06906907	
	2009	16	1	42	619	0.06785137	
	2009	16	2	31	496	0.0625	
	2009	17	1	53	489	0.1083845	
	2009	17	2	52	634	0.08201893	
	2009	18	1	52	386	0.134715	
	2009	18	2	91	545	0.1669725	
	2009	19	1	28	114	0.245614	
	2009	19	2	37	181	0.2044199	
	2009	20	1	6	13	0.4615385	
	2009	20	2	14	52	0.2692308	
	2010	5	1	0	2	0	
	2010	5	2	0	8	0	
	2010	6	1	1	21	0.04761905	
	2010	6	2	0	10	0	
	2010	7	1	0	19	0	
	2010	7	2	0	17	0	
	2010	8	1	0	34	0	
	2010	8	2	0	21	0	
	2010	9	1	0	65	0	
	2010	9	2	0	35	0	
	2010	10	1	3	129	0.02325581	
	2010	10	2	1	64	0.015625	
	2010	11	1	8	212	0.03773585	
	2010	11	2	1	73	0.01369863	
	2010	12	1	5	285	0.01754386	
	2010	12	2	5	114	0.04385965	
	2010	13	1	16	410	0.03902439	
	2010	13	2	7	164	0.04268293	
	2010	14	1	19	505	0.03762376	
	2010	14	2	7	271	0.02583026	
	2010	15	1	35	538	0.06505576	
	2010	15	2	19	340	0.05588235	
	2010	16	1	45	642	0.07009346	
	2010	16	2	23	522	0.0440613	
	2010	17	1	65	553	0.1175407	
	2010	17	2	75	708	0.1059322	
	2010	18	1	60	398	0.1507538	
	2010	18	2	93	597	0.1557789	
	2010	19	1	32	135	0.237037	
	2010	19	2	47	223	0.2107623	
	2010	20	1	8	23	0.3478261	
	2010	20	2	15	57	0.2631579	
	2011	5	1	0	2	0	
	2011	5	2	0	5	0	
	2011	6	1	0	10	0	
	2011	6	2	0	18	0	
	2011	7	1	0	20	0	
	2011	7	2	0	16	0	
	2011	8	1	2	36	0.05555556	
	2011	8	2	1	28	0.03571429	
	2011	9	1	0	71	0	
	2011	9	2	0	48	0	
	2011	10	1	3	137	0.02189781	
	2011	10	2	2	66	0.03030303	
	2011	11	1	5	208	0.02403846	
	2011	11	2	1	91	0.01098901	
	2011	12	1	9	341	0.02639296	
	2011	12	2	1	101	0.00990099	
	2011	13	1	12	403	0.02977667	
	2011	13	2	4	189	0.02116402	
	2011	14	1	14	499	0.02805611	
	2011	14	2	9	252	0.03571429	
	2011	15	1	24	527	0.0455408	
	2011	15	2	15	320	0.046875	
	2011	16	1	39	663	0.05882353	
	2011	16	2	36	572	0.06293706	
	2011	17	1	54	598	0.090301	
	2011	17	2	59	752	0.07845745	
	2011	18	1	55	443	0.1241535	
	2011	18	2	69	627	0.1100478	
	2011	19	1	29	134	0.2164179	
	2011	19	2	48	290	0.1655172	
	2011	20	1	5	26	0.1923077	
	2011	20	2	18	70	0.2571429	
	2012	5	1	0	7	0	
	2012	5	2	0	15	0	
	2012	6	1	0	17	0	
	2012	6	2	0	16	0	
	2012	7	1	0	29	0	
	2012	7	2	0	14	0	
	2012	8	1	0	43	0	
	2012	8	2	0	28	0	
	2012	9	1	2	72	0.02777778	
	2012	9	2	0	44	0	
	2012	10	1	1	188	0.005319149	
	2012	10	2	0	104	0	
	2012	11	1	2	250	0.008	
	2012	11	2	1	90	0.01111111	
	2012	12	1	5	347	0.01440922	
	2012	12	2	2	141	0.0141844	
	2012	13	1	8	415	0.01927711	
	2012	13	2	7	194	0.03608247	
	2012	14	1	17	601	0.02828619	
	2012	14	2	7	281	0.02491103	
	2012	15	1	18	577	0.03119584	
	2012	15	2	34	419	0.08114558	
	2012	16	1	35	657	0.05327245	
	2012	16	2	26	608	0.04276316	
	2012	17	1	60	659	0.09104704	
	2012	17	2	52	838	0.06205251	
	2012	18	1	66	453	0.1456954	
	2012	18	2	103	732	0.1407104	
	2012	19	1	35	158	0.221519	
	2012	19	2	77	339	0.2271386	
	2012	20	1	8	29	0.2758621	
	2012	20	2	17	82	0.2073171	
	2013	5	1	0	7	0	
	2013	5	2	0	8	0	
	2013	6	1	1	15	0.06666667	
	2013	6	2	0	22	0	
	2013	7	1	0	21	0	
	2013	7	2	0	22	0	
	2013	8	1	0	52	0	
	2013	8	2	0	37	0	
	2013	9	1	1	92	0.01086957	
	2013	9	2	1	54	0.01851852	
	2013	10	1	3	197	0.01522843	
	2013	10	2	0	71	0	
	2013	11	1	4	257	0.0155642	
	2013	11	2	2	117	0.01709402	
	2013	12	1	6	397	0.01511335	
	2013	12	2	8	143	0.05594406	
	2013	13	1	11	505	0.02178218	
	2013	13	2	4	225	0.01777778	
	2013	14	1	14	653	0.02143951	
	2013	14	2	13	320	0.040625	
	2013	15	1	29	624	0.04647436	
	2013	15	2	22	429	0.05128205	
	2013	16	1	37	722	0.05124654	
	2013	16	2	40	653	0.06125574	
	2013	17	1	61	689	0.08853411	
	2013	17	2	73	810	0.09012346	
	2013	18	1	57	467	0.1220557	
	2013	18	2	113	796	0.1419598	
	2013	19	1	37	164	0.2256098	
	2013	19	2	70	375	0.1866667	
	2013	20	1	7	34	0.2058824	
	2013	20	2	17	81	0.2098765	

