
	A.2.1.M HD Herzinsuffizienz (Alter >19), Mortalität // DP insuffisance cardiaque (âge >19), mortalité // DP insufficienza cardiaca (età >19), mortalità
	BAG/OFSP/UFSP - CH-IQI Version V4.0 - Daten 2013 - 27. Juli 2015

	Jahr	AltEGrp	Sex	DeathCH	CasesCH	pCH	
	1998	5	1	0	2	0	
	1998	6	1	0	3	0	
	1998	6	2	0	3	0	
	1998	7	1	0	2	0	
	1998	7	2	1	6	0.1666667	
	1998	8	1	0	10	0	
	1998	8	2	1	9	0.1111111	
	1998	9	1	0	7	0	
	1998	9	2	0	8	0	
	1998	10	1	1	25	0.04	
	1998	10	2	1	5	0.2	
	1998	11	1	1	52	0.01923077	
	1998	11	2	0	30	0	
	1998	12	1	7	113	0.0619469	
	1998	12	2	0	44	0	
	1998	13	1	10	138	0.07246377	
	1998	13	2	2	74	0.02702703	
	1998	14	1	8	270	0.02962963	
	1998	14	2	8	130	0.06153846	
	1998	15	1	33	423	0.07801418	
	1998	15	2	16	278	0.05755396	
	1998	16	1	55	518	0.1061776	
	1998	16	2	35	455	0.07692308	
	1998	17	1	53	449	0.1180401	
	1998	17	2	41	575	0.07130435	
	1998	18	1	58	359	0.1615599	
	1998	18	2	80	577	0.1386482	
	1998	19	1	21	129	0.1627907	
	1998	19	2	53	271	0.195572	
	1998	20	1	5	24	0.2083333	
	1998	20	2	13	53	0.245283	
	1999	5	1	0	3	0	
	1999	5	2	0	1	0	
	1999	6	1	0	7	0	
	1999	6	2	0	5	0	
	1999	7	1	0	6	0	
	1999	7	2	0	5	0	
	1999	8	1	0	7	0	
	1999	8	2	0	6	0	
	1999	9	1	0	25	0	
	1999	9	2	1	7	0.1428571	
	1999	10	1	0	25	0	
	1999	10	2	0	9	0	
	1999	11	1	3	67	0.04477612	
	1999	11	2	0	23	0	
	1999	12	1	6	136	0.04411765	
	1999	12	2	5	55	0.09090909	
	1999	13	1	4	169	0.02366864	
	1999	13	2	4	70	0.05714286	
	1999	14	1	16	311	0.05144695	
	1999	14	2	12	182	0.06593407	
	1999	15	1	30	440	0.06818182	
	1999	15	2	21	322	0.06521739	
	1999	16	1	60	615	0.09756098	
	1999	16	2	53	539	0.09833024	
	1999	17	1	70	561	0.1247772	
	1999	17	2	71	681	0.1042584	
	1999	18	1	64	438	0.1461187	
	1999	18	2	96	760	0.1263158	
	1999	19	1	29	171	0.1695906	
	1999	19	2	47	353	0.1331445	
	1999	20	1	1	17	0.05882353	
	1999	20	2	11	55	0.2	
	2000	5	1	0	1	0	
	2000	5	2	0	1	0	
	2000	6	1	0	4	0	
	2000	7	1	1	10	0.1	
	2000	7	2	0	7	0	
	2000	8	1	0	10	0	
	2000	8	2	0	5	0	
	2000	9	1	0	15	0	
	2000	9	2	1	10	0.1	
	2000	10	1	0	37	0	
	2000	10	2	0	17	0	
	2000	11	1	3	82	0.03658537	
	2000	11	2	2	35	0.05714286	
	2000	12	1	4	140	0.02857143	
	2000	12	2	3	52	0.05769231	
	2000	13	1	6	198	0.03030303	
	2000	13	2	3	76	0.03947368	
	2000	14	1	26	356	0.07303371	
	2000	14	2	5	183	0.0273224	
	2000	15	1	35	493	0.07099391	
	2000	15	2	31	390	0.07948718	
	2000	16	1	63	653	0.09647779	
	2000	16	2	49	577	0.08492201	
	2000	17	1	91	623	0.1460674	
	2000	17	2	90	851	0.1057579	
	2000	18	1	82	467	0.1755889	
	2000	18	2	101	841	0.1200951	
	2000	19	1	34	171	0.1988304	
	2000	19	2	52	420	0.1238095	
	2000	20	1	11	21	0.5238095	
	2000	20	2	16	83	0.1927711	
	2001	5	2	0	1	0	
	2001	6	1	0	4	0	
	2001	6	2	0	2	0	
	2001	7	1	1	8	0.125	
	2001	7	2	0	4	0	
	2001	8	1	1	13	0.07692308	
	2001	8	2	1	7	0.1428571	
	2001	9	1	3	37	0.08108108	
	2001	9	2	0	14	0	
	2001	10	1	1	37	0.02702703	
	2001	10	2	1	20	0.05	
	2001	11	1	3	105	0.02857143	
	2001	11	2	3	47	0.06382979	
	2001	12	1	3	159	0.01886792	
	2001	12	2	2	65	0.03076923	
	2001	13	1	14	236	0.05932203	
	2001	13	2	5	128	0.0390625	
	2001	14	1	34	393	0.08651399	
	2001	14	2	20	236	0.08474576	
	2001	15	1	51	599	0.0851419	
	2001	15	2	19	359	0.05292479	
	2001	16	1	77	744	0.1034946	
	2001	16	2	67	695	0.09640288	
	2001	17	1	122	769	0.1586476	
	2001	17	2	88	838	0.1050119	
	2001	18	1	71	510	0.1392157	
	2001	18	2	105	890	0.1179775	
	2001	19	1	50	236	0.2118644	
	2001	19	2	79	474	0.1666667	
	2001	20	1	7	46	0.1521739	
	2001	20	2	19	96	0.1979167	
	2002	5	2	0	1	0	
	2002	6	1	0	2	0	
	2002	6	2	0	3	0	
	2002	7	1	0	6	0	
	2002	7	2	0	4	0	
	2002	8	1	2	10	0.2	
	2002	8	2	0	6	0	
	2002	9	1	0	16	0	
	2002	9	2	0	9	0	
	2002	10	1	0	37	0	
	2002	10	2	0	21	0	
	2002	11	1	3	104	0.02884615	
	2002	11	2	2	51	0.03921569	
	2002	12	1	6	160	0.0375	
	2002	12	2	4	78	0.05128205	
	2002	13	1	13	188	0.06914894	
	2002	13	2	8	106	0.0754717	
	2002	14	1	27	403	0.06699752	
	2002	14	2	18	232	0.07758621	
	2002	15	1	45	592	0.07601351	
	2002	15	2	23	438	0.05251142	
	2002	16	1	78	813	0.09594096	
	2002	16	2	63	715	0.08811189	
	2002	17	1	113	843	0.1340451	
	2002	17	2	98	1002	0.09780439	
	2002	18	1	84	600	0.14	
	2002	18	2	100	941	0.1062699	
	2002	19	1	62	278	0.2230216	
	2002	19	2	91	523	0.1739962	
	2002	20	1	11	43	0.255814	
	2002	20	2	22	118	0.1864407	
	2003	5	1	0	7	0	
	2003	5	2	0	1	0	
	2003	6	1	0	2	0	
	2003	6	2	0	1	0	
	2003	7	1	1	12	0.08333333	
	2003	7	2	1	4	0.25	
	2003	8	1	0	13	0	
	2003	8	2	0	7	0	
	2003	9	1	0	19	0	
	2003	9	2	0	12	0	
	2003	10	1	0	40	0	
	2003	10	2	1	26	0.03846154	
	2003	11	1	2	85	0.02352941	
	2003	11	2	1	35	0.02857143	
	2003	12	1	4	165	0.02424242	
	2003	12	2	6	86	0.06976744	
	2003	13	1	18	296	0.06081081	
	2003	13	2	6	103	0.05825243	
	2003	14	1	20	402	0.04975124	
	2003	14	2	12	210	0.05714286	
	2003	15	1	57	594	0.0959596	
	2003	15	2	21	426	0.04929577	
	2003	16	1	82	824	0.09951456	
	2003	16	2	62	739	0.08389716	
	2003	17	1	108	976	0.1106557	
	2003	17	2	116	1079	0.107507	
	2003	18	1	106	655	0.1618321	
	2003	18	2	117	1033	0.1132623	
	2003	19	1	45	297	0.1515152	
	2003	19	2	81	546	0.1483516	
	2003	20	1	13	40	0.325	
	2003	20	2	30	122	0.2459016	
	2004	5	1	0	2	0	
	2004	5	2	1	1	1	
	2004	6	1	0	5	0	
	2004	6	2	1	3	0.3333333	
	2004	7	1	0	6	0	
	2004	7	2	0	3	0	
	2004	8	1	0	10	0	
	2004	8	2	2	6	0.3333333	
	2004	9	1	2	23	0.08695652	
	2004	9	2	1	10	0.1	
	2004	10	1	1	44	0.02272727	
	2004	10	2	0	22	0	
	2004	11	1	3	93	0.03225806	
	2004	11	2	2	49	0.04081633	
	2004	12	1	7	165	0.04242424	
	2004	12	2	7	85	0.08235294	
	2004	13	1	10	258	0.03875969	
	2004	13	2	4	118	0.03389831	
	2004	14	1	31	432	0.07175926	
	2004	14	2	12	216	0.05555556	
	2004	15	1	33	630	0.05238095	
	2004	15	2	21	441	0.04761905	
	2004	16	1	79	868	0.09101382	
	2004	16	2	62	793	0.07818411	
	2004	17	1	129	1069	0.1206735	
	2004	17	2	109	1233	0.08840227	
	2004	18	1	107	693	0.1544012	
	2004	18	2	121	978	0.1237219	
	2004	19	1	48	316	0.1518987	
	2004	19	2	96	619	0.1550889	
	2004	20	1	10	50	0.2	
	2004	20	2	29	142	0.2042254	
	2005	5	1	0	4	0	
	2005	5	2	2	3	0.6666667	
	2005	6	1	1	3	0.3333333	
	2005	6	2	0	4	0	
	2005	7	1	0	9	0	
	2005	7	2	0	4	0	
	2005	8	1	2	20	0.1	
	2005	8	2	1	9	0.1111111	
	2005	9	1	0	32	0	
	2005	9	2	0	10	0	
	2005	10	1	2	73	0.02739726	
	2005	10	2	1	30	0.03333333	
	2005	11	1	5	106	0.04716981	
	2005	11	2	3	40	0.075	
	2005	12	1	7	187	0.03743316	
	2005	12	2	3	87	0.03448276	
	2005	13	1	17	328	0.05182927	
	2005	13	2	9	164	0.05487805	
	2005	14	1	25	470	0.05319149	
	2005	14	2	12	273	0.04395604	
	2005	15	1	57	720	0.07916667	
	2005	15	2	24	479	0.05010438	
	2005	16	1	93	1029	0.09037901	
	2005	16	2	60	793	0.07566204	
	2005	17	1	137	1143	0.11986	
	2005	17	2	99	1289	0.07680372	
	2005	18	1	120	800	0.15	
	2005	18	2	138	1231	0.112104	
	2005	19	1	72	341	0.2111437	
	2005	19	2	93	673	0.1381872	
	2005	20	1	14	67	0.2089552	
	2005	20	2	19	132	0.1439394	
	2006	5	1	1	7	0.1428571	
	2006	5	2	1	5	0.2	
	2006	6	1	1	7	0.1428571	
	2006	6	2	2	5	0.4	
	2006	7	1	0	11	0	
	2006	7	2	0	9	0	
	2006	8	1	2	25	0.08	
	2006	8	2	1	11	0.09090909	
	2006	9	1	2	34	0.05882353	
	2006	9	2	0	11	0	
	2006	10	1	3	65	0.04615385	
	2006	10	2	2	21	0.0952381	
	2006	11	1	3	159	0.01886792	
	2006	11	2	0	49	0	
	2006	12	1	8	238	0.03361345	
	2006	12	2	1	88	0.01136364	
	2006	13	1	19	380	0.05	
	2006	13	2	8	159	0.05031447	
	2006	14	1	32	512	0.0625	
	2006	14	2	14	249	0.0562249	
	2006	15	1	53	757	0.07001321	
	2006	15	2	27	480	0.05625	
	2006	16	1	94	1125	0.08355556	
	2006	16	2	68	947	0.0718057	
	2006	17	1	143	1284	0.1113707	
	2006	17	2	102	1451	0.07029635	
	2006	18	1	140	963	0.145379	
	2006	18	2	158	1354	0.1166913	
	2006	19	1	65	377	0.1724138	
	2006	19	2	94	746	0.1260054	
	2006	20	1	16	78	0.2051282	
	2006	20	2	30	202	0.1485149	
	2007	5	1	0	5	0	
	2007	5	2	0	2	0	
	2007	6	1	0	12	0	
	2007	6	2	1	3	0.3333333	
	2007	7	1	1	8	0.125	
	2007	7	2	0	5	0	
	2007	8	1	0	14	0	
	2007	8	2	0	6	0	
	2007	9	1	1	35	0.02857143	
	2007	9	2	2	21	0.0952381	
	2007	10	1	2	67	0.02985075	
	2007	10	2	0	27	0	
	2007	11	1	5	137	0.03649635	
	2007	11	2	1	48	0.02083333	
	2007	12	1	8	291	0.02749141	
	2007	12	2	4	99	0.04040404	
	2007	13	1	17	383	0.04438642	
	2007	13	2	5	163	0.03067485	
	2007	14	1	39	594	0.06565657	
	2007	14	2	13	287	0.04529617	
	2007	15	1	72	817	0.08812729	
	2007	15	2	28	540	0.05185185	
	2007	16	1	109	1119	0.0974084	
	2007	16	2	52	956	0.05439331	
	2007	17	1	139	1314	0.1057839	
	2007	17	2	158	1572	0.1005089	
	2007	18	1	143	1060	0.1349057	
	2007	18	2	163	1518	0.1073781	
	2007	19	1	81	457	0.1772429	
	2007	19	2	118	770	0.1532468	
	2007	20	1	14	73	0.1917808	
	2007	20	2	50	231	0.2164502	
	2008	5	1	0	7	0	
	2008	5	2	1	4	0.25	
	2008	6	1	0	9	0	
	2008	6	2	0	1	0	
	2008	7	1	1	7	0.1428571	
	2008	7	2	1	5	0.2	
	2008	8	1	0	11	0	
	2008	8	2	0	8	0	
	2008	9	1	2	33	0.06060606	
	2008	9	2	1	24	0.04166667	
	2008	10	1	1	61	0.01639344	
	2008	10	2	2	27	0.07407407	
	2008	11	1	3	138	0.02173913	
	2008	11	2	1	53	0.01886792	
	2008	12	1	8	251	0.03187251	
	2008	12	2	5	96	0.05208333	
	2008	13	1	14	402	0.03482587	
	2008	13	2	9	184	0.04891304	
	2008	14	1	26	556	0.04676259	
	2008	14	2	15	250	0.06	
	2008	15	1	61	864	0.07060185	
	2008	15	2	35	575	0.06086957	
	2008	16	1	90	1141	0.07887818	
	2008	16	2	79	1086	0.07274401	
	2008	17	1	162	1397	0.1159628	
	2008	17	2	130	1600	0.08125	
	2008	18	1	137	1035	0.1323671	
	2008	18	2	173	1665	0.1039039	
	2008	19	1	91	469	0.1940299	
	2008	19	2	103	816	0.1262255	
	2008	20	1	24	92	0.2608696	
	2008	20	2	20	227	0.08810573	
	2009	5	1	1	7	0.1428571	
	2009	5	2	0	1	0	
	2009	6	1	0	5	0	
	2009	6	2	0	4	0	
	2009	7	1	1	9	0.1111111	
	2009	7	2	0	5	0	
	2009	8	1	0	15	0	
	2009	8	2	0	6	0	
	2009	9	1	1	40	0.025	
	2009	9	2	0	20	0	
	2009	10	1	1	92	0.01086957	
	2009	10	2	2	23	0.08695652	
	2009	11	1	4	142	0.02816901	
	2009	11	2	3	52	0.05769231	
	2009	12	1	5	260	0.01923077	
	2009	12	2	1	78	0.01282051	
	2009	13	1	18	426	0.04225352	
	2009	13	2	3	197	0.01522843	
	2009	14	1	28	640	0.04375	
	2009	14	2	9	283	0.03180212	
	2009	15	1	60	855	0.07017544	
	2009	15	2	33	600	0.055	
	2009	16	1	103	1216	0.08470395	
	2009	16	2	61	947	0.06441394	
	2009	17	1	135	1541	0.08760545	
	2009	17	2	129	1661	0.07766406	
	2009	18	1	143	1210	0.1181818	
	2009	18	2	191	1684	0.1134204	
	2009	19	1	65	453	0.1434879	
	2009	19	2	101	763	0.1323722	
	2009	20	1	27	104	0.2596154	
	2009	20	2	29	206	0.1407767	
	2010	5	1	1	13	0.07692308	
	2010	6	1	0	11	0	
	2010	6	2	0	3	0	
	2010	7	1	0	10	0	
	2010	7	2	0	9	0	
	2010	8	1	2	22	0.09090909	
	2010	8	2	1	18	0.05555556	
	2010	9	1	0	50	0	
	2010	9	2	0	13	0	
	2010	10	1	3	84	0.03571429	
	2010	10	2	0	37	0	
	2010	11	1	3	166	0.01807229	
	2010	11	2	4	74	0.05405405	
	2010	12	1	7	269	0.0260223	
	2010	12	2	1	125	0.008	
	2010	13	1	15	460	0.0326087	
	2010	13	2	13	202	0.06435644	
	2010	14	1	40	680	0.05882353	
	2010	14	2	15	317	0.04731861	
	2010	15	1	55	965	0.05699482	
	2010	15	2	34	596	0.05704698	
	2010	16	1	134	1365	0.0981685	
	2010	16	2	76	1054	0.07210626	
	2010	17	1	140	1557	0.08991651	
	2010	17	2	145	1730	0.08381503	
	2010	18	1	174	1260	0.1380952	
	2010	18	2	190	1851	0.1026472	
	2010	19	1	93	535	0.1738318	
	2010	19	2	114	907	0.1256891	
	2010	20	1	19	116	0.1637931	
	2010	20	2	42	293	0.1433447	
	2011	5	1	0	3	0	
	2011	5	2	0	2	0	
	2011	6	1	0	8	0	
	2011	6	2	0	2	0	
	2011	7	1	1	13	0.07692308	
	2011	7	2	0	7	0	
	2011	8	1	0	23	0	
	2011	8	2	0	22	0	
	2011	9	1	3	53	0.05660377	
	2011	9	2	1	20	0.05	
	2011	10	1	0	92	0	
	2011	10	2	1	47	0.0212766	
	2011	11	1	2	133	0.01503759	
	2011	11	2	3	65	0.04615385	
	2011	12	1	4	250	0.016	
	2011	12	2	2	111	0.01801802	
	2011	13	1	17	481	0.03534304	
	2011	13	2	10	210	0.04761905	
	2011	14	1	31	678	0.04572271	
	2011	14	2	13	316	0.04113924	
	2011	15	1	51	883	0.05775764	
	2011	15	2	25	558	0.04480287	
	2011	16	1	93	1245	0.0746988	
	2011	16	2	74	1083	0.06832872	
	2011	17	1	178	1618	0.1100124	
	2011	17	2	145	1773	0.08178229	
	2011	18	1	184	1414	0.1301273	
	2011	18	2	199	1971	0.100964	
	2011	19	1	82	578	0.1418685	
	2011	19	2	124	1030	0.1203883	
	2011	20	1	24	119	0.2016807	
	2011	20	2	42	248	0.1693548	
	2012	5	1	0	5	0	
	2012	5	2	0	2	0	
	2012	6	1	0	8	0	
	2012	6	2	0	2	0	
	2012	7	1	2	8	0.25	
	2012	7	2	0	6	0	
	2012	8	1	0	24	0	
	2012	8	2	0	18	0	
	2012	9	1	1	52	0.01923077	
	2012	9	2	0	29	0	
	2012	10	1	3	89	0.03370787	
	2012	10	2	0	37	0	
	2012	11	1	3	153	0.01960784	
	2012	11	2	1	64	0.015625	
	2012	12	1	12	256	0.046875	
	2012	12	2	2	110	0.01818182	
	2012	13	1	19	442	0.04298643	
	2012	13	2	8	178	0.04494382	
	2012	14	1	31	691	0.04486252	
	2012	14	2	13	328	0.03963415	
	2012	15	1	52	915	0.0568306	
	2012	15	2	19	564	0.03368794	
	2012	16	1	111	1375	0.08072727	
	2012	16	2	58	1034	0.05609284	
	2012	17	1	163	1657	0.09837055	
	2012	17	2	147	1719	0.08551483	
	2012	18	1	188	1362	0.1380323	
	2012	18	2	190	1945	0.09768638	
	2012	19	1	108	696	0.1551724	
	2012	19	2	143	1138	0.1256591	
	2012	20	1	24	131	0.1832061	
	2012	20	2	53	308	0.1720779	
	2013	5	1	0	3	0	
	2013	5	2	0	3	0	
	2013	6	1	2	12	0.1666667	
	2013	6	2	0	3	0	
	2013	7	1	1	12	0.08333333	
	2013	7	2	0	12	0	
	2013	8	1	1	17	0.05882353	
	2013	8	2	0	21	0	
	2013	9	1	1	47	0.0212766	
	2013	9	2	0	15	0	
	2013	10	1	5	73	0.06849315	
	2013	10	2	1	32	0.03125	
	2013	11	1	5	156	0.03205128	
	2013	11	2	1	56	0.01785714	
	2013	12	1	11	275	0.04	
	2013	12	2	3	112	0.02678571	
	2013	13	1	12	399	0.03007519	
	2013	13	2	9	202	0.04455446	
	2013	14	1	40	703	0.056899	
	2013	14	2	19	381	0.04986877	
	2013	15	1	49	933	0.05251876	
	2013	15	2	21	573	0.03664921	
	2013	16	1	93	1392	0.06681034	
	2013	16	2	51	1082	0.04713494	
	2013	17	1	181	1708	0.1059719	
	2013	17	2	131	1823	0.07185957	
	2013	18	1	214	1610	0.1329193	
	2013	18	2	208	2204	0.09437387	
	2013	19	1	126	762	0.1653543	
	2013	19	2	160	1272	0.1257862	
	2013	20	1	30	146	0.2054795	
	2013	20	2	49	334	0.1467066	

