
	E.4.5.M Kolorektale Resektionen bei Divertikel ohne Abszess/Perforation, Mortalität // Résections colorectales pour diverticule sans abcès/perforation, mortalité // Resezioni colorettali per diverticolo senza ascesso/perforazione, mortalità
	BAG/OFSP/UFSP - CH-IQI Version V4.0 - Daten 2013 - 27. Juli 2015

	Jahr	AltEGrp	Sex	DeathCH	CasesCH	pCH	
	1998	6	1	0	1	0	
	1998	7	1	0	4	0	
	1998	7	2	0	2	0	
	1998	8	1	0	7	0	
	1998	8	2	0	6	0	
	1998	9	1	0	11	0	
	1998	9	2	0	10	0	
	1998	10	1	0	25	0	
	1998	10	2	0	10	0	
	1998	11	1	0	54	0	
	1998	11	2	0	39	0	
	1998	12	1	0	44	0	
	1998	12	2	0	46	0	
	1998	13	1	0	41	0	
	1998	13	2	0	56	0	
	1998	14	1	0	35	0	
	1998	14	2	0	60	0	
	1998	15	1	0	28	0	
	1998	15	2	1	69	0.01449275	
	1998	16	1	0	22	0	
	1998	16	2	0	32	0	
	1998	17	1	0	8	0	
	1998	17	2	0	28	0	
	1998	18	1	0	1	0	
	1998	18	2	0	10	0	
	1998	19	1	0	1	0	
	1998	19	2	3	5	0.6	
	1999	4	1	0	1	0	
	1999	5	1	0	1	0	
	1999	6	1	0	5	0	
	1999	6	2	0	2	0	
	1999	7	1	0	9	0	
	1999	7	2	0	3	0	
	1999	8	1	0	18	0	
	1999	8	2	0	9	0	
	1999	9	1	0	33	0	
	1999	9	2	0	18	0	
	1999	10	1	0	56	0	
	1999	10	2	0	37	0	
	1999	11	1	0	70	0	
	1999	11	2	0	57	0	
	1999	12	1	0	52	0	
	1999	12	2	0	78	0	
	1999	13	1	1	56	0.01785714	
	1999	13	2	0	114	0	
	1999	14	1	1	47	0.0212766	
	1999	14	2	0	98	0	
	1999	15	1	0	49	0	
	1999	15	2	1	101	0.00990099	
	1999	16	1	0	30	0	
	1999	16	2	0	64	0	
	1999	17	1	0	9	0	
	1999	17	2	0	32	0	
	1999	18	1	1	2	0.5	
	1999	18	2	1	16	0.0625	
	1999	19	1	0	1	0	
	2000	4	1	0	1	0	
	2000	6	2	0	1	0	
	2000	7	1	0	12	0	
	2000	7	2	0	6	0	
	2000	8	1	0	24	0	
	2000	8	2	0	8	0	
	2000	9	1	0	38	0	
	2000	9	2	0	23	0	
	2000	10	1	0	52	0	
	2000	10	2	0	32	0	
	2000	11	1	0	76	0	
	2000	11	2	0	82	0	
	2000	12	1	0	101	0	
	2000	12	2	0	101	0	
	2000	13	1	0	68	0	
	2000	13	2	0	98	0	
	2000	14	1	0	58	0	
	2000	14	2	0	106	0	
	2000	15	1	1	47	0.0212766	
	2000	15	2	0	120	0	
	2000	16	1	2	26	0.07692308	
	2000	16	2	1	77	0.01298701	
	2000	17	1	0	18	0	
	2000	17	2	0	47	0	
	2000	18	1	1	8	0.125	
	2000	18	2	0	15	0	
	2000	19	2	1	2	0.5	
	2001	5	1	0	1	0	
	2001	6	1	0	4	0	
	2001	7	1	0	9	0	
	2001	7	2	0	1	0	
	2001	8	1	0	38	0	
	2001	8	2	0	19	0	
	2001	9	1	0	42	0	
	2001	9	2	0	29	0	
	2001	10	1	1	67	0.01492537	
	2001	10	2	0	60	0	
	2001	11	1	0	83	0	
	2001	11	2	0	82	0	
	2001	12	1	0	104	0	
	2001	12	2	0	142	0	
	2001	13	1	1	77	0.01298701	
	2001	13	2	0	130	0	
	2001	14	1	0	85	0	
	2001	14	2	0	137	0	
	2001	15	1	2	52	0.03846154	
	2001	15	2	0	129	0	
	2001	16	1	1	36	0.02777778	
	2001	16	2	2	111	0.01801802	
	2001	17	1	0	12	0	
	2001	17	2	3	46	0.06521739	
	2001	18	1	0	5	0	
	2001	18	2	0	18	0	
	2001	19	1	0	2	0	
	2001	19	2	0	5	0	
	2001	20	2	0	1	0	
	2002	6	1	0	3	0	
	2002	7	1	0	9	0	
	2002	7	2	0	4	0	
	2002	8	1	0	23	0	
	2002	8	2	0	11	0	
	2002	9	1	0	56	0	
	2002	9	2	0	27	0	
	2002	10	1	0	69	0	
	2002	10	2	0	54	0	
	2002	11	1	0	107	0	
	2002	11	2	0	99	0	
	2002	12	1	0	100	0	
	2002	12	2	0	113	0	
	2002	13	1	1	83	0.01204819	
	2002	13	2	0	147	0	
	2002	14	1	1	76	0.01315789	
	2002	14	2	1	148	0.006756757	
	2002	15	1	0	75	0	
	2002	15	2	0	133	0	
	2002	16	1	0	40	0	
	2002	16	2	1	95	0.01052632	
	2002	17	1	1	17	0.05882353	
	2002	17	2	1	50	0.02	
	2002	18	1	2	6	0.3333333	
	2002	18	2	1	19	0.05263158	
	2002	19	1	2	2	1	
	2002	19	2	0	2	0	
	2003	4	2	0	1	0	
	2003	5	2	0	2	0	
	2003	6	1	0	2	0	
	2003	6	2	0	1	0	
	2003	7	1	0	18	0	
	2003	7	2	0	4	0	
	2003	8	1	0	29	0	
	2003	8	2	0	16	0	
	2003	9	1	0	57	0	
	2003	9	2	0	37	0	
	2003	10	1	0	70	0	
	2003	10	2	0	74	0	
	2003	11	1	0	122	0	
	2003	11	2	0	112	0	
	2003	12	1	0	136	0	
	2003	12	2	0	161	0	
	2003	13	1	0	112	0	
	2003	13	2	0	174	0	
	2003	14	1	2	100	0.02	
	2003	14	2	0	192	0	
	2003	15	1	0	77	0	
	2003	15	2	1	144	0.006944444	
	2003	16	1	3	50	0.06	
	2003	16	2	1	106	0.009433962	
	2003	17	1	1	19	0.05263158	
	2003	17	2	1	69	0.01449275	
	2003	18	1	0	5	0	
	2003	18	2	2	15	0.1333333	
	2003	19	2	1	5	0.2	
	2004	5	1	0	1	0	
	2004	6	1	0	6	0	
	2004	6	2	0	1	0	
	2004	7	1	0	18	0	
	2004	7	2	0	7	0	
	2004	8	1	0	40	0	
	2004	8	2	0	19	0	
	2004	9	1	0	66	0	
	2004	9	2	0	30	0	
	2004	10	1	0	91	0	
	2004	10	2	0	85	0	
	2004	11	1	0	120	0	
	2004	11	2	0	114	0	
	2004	12	1	0	158	0	
	2004	12	2	0	151	0	
	2004	13	1	0	122	0	
	2004	13	2	0	195	0	
	2004	14	1	0	118	0	
	2004	14	2	0	207	0	
	2004	15	1	1	77	0.01298701	
	2004	15	2	0	173	0	
	2004	16	1	1	66	0.01515152	
	2004	16	2	2	118	0.01694915	
	2004	17	1	1	21	0.04761905	
	2004	17	2	0	74	0	
	2004	18	1	0	6	0	
	2004	18	2	2	14	0.1428571	
	2004	19	2	0	2	0	
	2004	20	1	0	1	0	
	2005	5	1	0	1	0	
	2005	5	2	0	1	0	
	2005	6	1	0	1	0	
	2005	6	2	0	3	0	
	2005	7	1	0	12	0	
	2005	7	2	0	8	0	
	2005	8	1	0	37	0	
	2005	8	2	0	20	0	
	2005	9	1	0	59	0	
	2005	9	2	0	38	0	
	2005	10	1	0	93	0	
	2005	10	2	0	62	0	
	2005	11	1	1	123	0.008130081	
	2005	11	2	0	100	0	
	2005	12	1	0	137	0	
	2005	12	2	0	182	0	
	2005	13	1	1	138	0.007246377	
	2005	13	2	0	226	0	
	2005	14	1	1	86	0.01162791	
	2005	14	2	2	207	0.009661836	
	2005	15	1	0	90	0	
	2005	15	2	1	217	0.004608295	
	2005	16	1	0	46	0	
	2005	16	2	1	131	0.007633588	
	2005	17	1	5	33	0.1515152	
	2005	17	2	4	62	0.06451613	
	2005	18	1	3	6	0.5	
	2005	18	2	2	10	0.2	
	2005	19	1	0	1	0	
	2005	19	2	0	10	0	
	2005	20	2	1	3	0.3333333	
	2006	6	1	0	8	0	
	2006	6	2	0	1	0	
	2006	7	1	0	16	0	
	2006	7	2	0	3	0	
	2006	8	1	0	42	0	
	2006	8	2	0	8	0	
	2006	9	1	0	72	0	
	2006	9	2	0	39	0	
	2006	10	1	0	85	0	
	2006	10	2	0	67	0	
	2006	11	1	0	136	0	
	2006	11	2	0	112	0	
	2006	12	1	0	135	0	
	2006	12	2	0	188	0	
	2006	13	1	1	173	0.005780347	
	2006	13	2	0	235	0	
	2006	14	1	1	106	0.009433962	
	2006	14	2	1	197	0.005076142	
	2006	15	1	1	67	0.01492537	
	2006	15	2	1	172	0.005813953	
	2006	16	1	2	59	0.03389831	
	2006	16	2	1	118	0.008474576	
	2006	17	1	2	20	0.1	
	2006	17	2	2	70	0.02857143	
	2006	18	1	1	7	0.1428571	
	2006	18	2	3	18	0.1666667	
	2006	19	1	1	1	1	
	2006	19	2	0	4	0	
	2007	3	1	0	1	0	
	2007	5	1	0	1	0	
	2007	6	1	0	4	0	
	2007	6	2	0	2	0	
	2007	7	1	0	16	0	
	2007	7	2	0	6	0	
	2007	8	1	0	48	0	
	2007	8	2	0	14	0	
	2007	9	1	0	66	0	
	2007	9	2	0	34	0	
	2007	10	1	0	101	0	
	2007	10	2	0	57	0	
	2007	11	1	0	126	0	
	2007	11	2	0	125	0	
	2007	12	1	1	153	0.006535948	
	2007	12	2	0	206	0	
	2007	13	1	0	149	0	
	2007	13	2	0	232	0	
	2007	14	1	0	111	0	
	2007	14	2	1	231	0.004329004	
	2007	15	1	0	81	0	
	2007	15	2	1	192	0.005208333	
	2007	16	1	1	71	0.01408451	
	2007	16	2	1	136	0.007352941	
	2007	17	1	0	19	0	
	2007	17	2	1	63	0.01587302	
	2007	18	1	2	6	0.3333333	
	2007	18	2	0	15	0	
	2007	19	2	1	2	0.5	
	2007	20	2	0	1	0	
	2008	5	1	0	2	0	
	2008	6	1	0	5	0	
	2008	6	2	0	2	0	
	2008	7	1	0	21	0	
	2008	7	2	0	2	0	
	2008	8	1	0	28	0	
	2008	8	2	0	9	0	
	2008	9	1	0	66	0	
	2008	9	2	0	39	0	
	2008	10	1	0	91	0	
	2008	10	2	0	70	0	
	2008	11	1	0	107	0	
	2008	11	2	0	108	0	
	2008	12	1	0	137	0	
	2008	12	2	0	194	0	
	2008	13	1	1	146	0.006849315	
	2008	13	2	0	247	0	
	2008	14	1	0	121	0	
	2008	14	2	0	227	0	
	2008	15	1	0	90	0	
	2008	15	2	0	221	0	
	2008	16	1	0	44	0	
	2008	16	2	0	143	0	
	2008	17	1	1	18	0.05555556	
	2008	17	2	0	67	0	
	2008	18	1	1	6	0.1666667	
	2008	18	2	0	21	0	
	2008	19	1	1	2	0.5	
	2008	19	2	0	8	0	
	2008	20	2	0	1	0	
	2009	5	1	0	1	0	
	2009	5	2	0	1	0	
	2009	6	1	0	2	0	
	2009	6	2	0	3	0	
	2009	7	1	0	18	0	
	2009	7	2	0	4	0	
	2009	8	1	0	28	0	
	2009	8	2	0	7	0	
	2009	9	1	0	64	0	
	2009	9	2	0	30	0	
	2009	10	1	0	88	0	
	2009	10	2	0	80	0	
	2009	11	1	0	111	0	
	2009	11	2	0	124	0	
	2009	12	1	0	139	0	
	2009	12	2	1	171	0.005847953	
	2009	13	1	0	150	0	
	2009	13	2	0	185	0	
	2009	14	1	0	121	0	
	2009	14	2	1	223	0.004484305	
	2009	15	1	0	100	0	
	2009	15	2	2	170	0.01176471	
	2009	16	1	3	52	0.05769231	
	2009	16	2	0	128	0	
	2009	17	1	2	25	0.08	
	2009	17	2	1	65	0.01538462	
	2009	18	1	0	9	0	
	2009	18	2	1	14	0.07142857	
	2009	19	1	0	1	0	
	2009	19	2	1	4	0.25	
	2010	5	1	0	1	0	
	2010	5	2	0	1	0	
	2010	6	1	0	7	0	
	2010	6	2	0	3	0	
	2010	7	1	0	10	0	
	2010	7	2	0	2	0	
	2010	8	1	0	35	0	
	2010	8	2	0	9	0	
	2010	9	1	0	51	0	
	2010	9	2	0	23	0	
	2010	10	1	0	87	0	
	2010	10	2	0	66	0	
	2010	11	1	0	127	0	
	2010	11	2	0	118	0	
	2010	12	1	0	134	0	
	2010	12	2	1	136	0.007352941	
	2010	13	1	1	139	0.007194245	
	2010	13	2	0	189	0	
	2010	14	1	0	121	0	
	2010	14	2	0	230	0	
	2010	15	1	1	71	0.01408451	
	2010	15	2	0	155	0	
	2010	16	1	2	53	0.03773585	
	2010	16	2	0	115	0	
	2010	17	1	6	29	0.2068966	
	2010	17	2	2	49	0.04081633	
	2010	18	1	0	6	0	
	2010	18	2	2	26	0.07692308	
	2010	19	1	0	1	0	
	2010	19	2	0	3	0	
	2011	5	1	0	1	0	
	2011	6	1	0	3	0	
	2011	6	2	0	1	0	
	2011	7	1	0	17	0	
	2011	7	2	0	8	0	
	2011	8	1	0	24	0	
	2011	8	2	0	4	0	
	2011	9	1	0	71	0	
	2011	9	2	0	24	0	
	2011	10	1	0	114	0	
	2011	10	2	0	60	0	
	2011	11	1	0	124	0	
	2011	11	2	0	127	0	
	2011	12	1	0	119	0	
	2011	12	2	0	171	0	
	2011	13	1	2	157	0.01273885	
	2011	13	2	0	194	0	
	2011	14	1	0	120	0	
	2011	14	2	1	195	0.005128205	
	2011	15	1	1	78	0.01282051	
	2011	15	2	2	178	0.01123596	
	2011	16	1	1	47	0.0212766	
	2011	16	2	0	119	0	
	2011	17	1	3	22	0.1363636	
	2011	17	2	1	62	0.01612903	
	2011	18	1	1	4	0.25	
	2011	18	2	1	15	0.06666667	
	2011	19	2	0	2	0	
	2012	5	1	0	2	0	
	2012	6	1	0	5	0	
	2012	7	1	0	13	0	
	2012	7	2	0	4	0	
	2012	8	1	0	20	0	
	2012	8	2	0	9	0	
	2012	9	1	1	61	0.01639344	
	2012	9	2	0	27	0	
	2012	10	1	0	101	0	
	2012	10	2	0	58	0	
	2012	11	1	0	153	0	
	2012	11	2	0	116	0	
	2012	12	1	0	129	0	
	2012	12	2	0	153	0	
	2012	13	1	1	128	0.0078125	
	2012	13	2	0	192	0	
	2012	14	1	0	118	0	
	2012	14	2	0	221	0	
	2012	15	1	0	84	0	
	2012	15	2	1	174	0.005747126	
	2012	16	1	3	58	0.05172414	
	2012	16	2	2	109	0.01834862	
	2012	17	1	1	22	0.04545455	
	2012	17	2	1	57	0.01754386	
	2012	18	1	1	6	0.1666667	
	2012	18	2	0	14	0	
	2012	19	2	0	2	0	
	2012	20	1	0	1	0	
	2013	6	1	0	8	0	
	2013	6	2	0	2	0	
	2013	7	1	0	19	0	
	2013	7	2	0	2	0	
	2013	8	1	0	27	0	
	2013	8	2	0	14	0	
	2013	9	1	0	49	0	
	2013	9	2	0	28	0	
	2013	10	1	0	100	0	
	2013	10	2	0	66	0	
	2013	11	1	0	101	0	
	2013	11	2	0	116	0	
	2013	12	1	0	145	0	
	2013	12	2	0	169	0	
	2013	13	1	0	102	0	
	2013	13	2	0	185	0	
	2013	14	1	0	105	0	
	2013	14	2	0	171	0	
	2013	15	1	0	72	0	
	2013	15	2	2	155	0.01290323	
	2013	16	1	1	45	0.02222222	
	2013	16	2	1	105	0.00952381	
	2013	17	1	1	26	0.03846154	
	2013	17	2	1	44	0.02272727	
	2013	18	1	0	6	0	
	2013	18	2	1	9	0.1111111	
	2013	19	1	0	3	0	
	2013	19	2	0	1	0	
	2013	20	2	0	1	0	

